name Rul5P PEP P2f Rib5P P2NADP NADPf NADH P2NADPH P1NADPH NAD Mgf Xul5P Phi MgATP Pyr MgAMP AMPf Gri2P Gri23P2f Sed7P ATPf Gri13P2 Lac GraP GlcA6P Glc6P E4P GSH DHAP Fru16P2 MgADP GSSG NADPHf Fru6P P1NADP Gri3P MgGri23P2 P1f Glcin ADPf
kLDHv14 nan nan nan nan nan nan nan nan nan nan nan nan nan nan nan nan nan nan nan nan nan nan nan nan nan nan nan nan nan nan nan nan nan nan nan nan nan nan nan nan
Vmaxv4 nan nan nan nan nan nan nan nan nan nan nan nan nan nan nan nan nan nan nan nan nan nan nan nan nan nan nan nan nan nan nan nan nan nan nan nan nan nan nan nan
Vmaxv3 nan nan nan nan nan nan nan nan nan nan nan nan nan nan nan nan nan nan nan nan nan nan nan nan nan nan nan nan nan nan nan nan nan nan nan nan nan nan nan nan
Vmaxv28 0.004722 0.0109394 0.000863632 0.0140055 0.00202415 2.34376e-05 0.000156372 0.0211122 0.0239453 0.0653436 0.555792 0.0127439 0.999222 1.41772 0.08399 0.00243868 0.0722387 0.00844198 2.06123 0.0154122 0.183658 0.000480661 1.6803 0.00606296 0.0250542 0.0394903 0.00627177 3.11403 0.149235 0.00968364 0.136819 0.000186743 0.00488917 0.0153447 5.73942e-06 0.0657633 0.687231 4.89762e-05 4.5668 0.187125
Vmaxv27 0.00472303 0.0109369 0.000863644 0.0140086 0.00202376 2.34327e-05 0.00015637 0.0211126 0.0239453 0.0653436 0.555795 0.0127467 0.999006 1.41775 0.08399 0.00243829 0.0722267 0.0084402 2.06113 0.0154188 0.183661 0.000480607 1.68031 0.00606352 0.0250592 0.0395024 0.00627299 3.11403 0.149249 0.00968508 0.13681 0.000186743 0.00488919 0.0153495 5.73821e-06 0.06575 0.687204 4.8976e-05 4.56682 0.187111
Vmaxv23 0.00378807 0.010922 0.000864535 0.0112146 0.00199578 2.30852e-05 0.000156323 0.0211397 0.0239454 0.0653437 0.555439 0.010222 0.999357 1.41874 0.08399 0.00241793 0.071814 0.00842352 2.06178 0.0198213 0.183907 0.000481196 1.6803 0.0060667 0.0240332 0.0399128 0.00797676 3.11403 0.149326 0.00968653 0.136425 0.000186699 0.00489041 0.0155111 5.65166e-06 0.0656049 0.686979 4.89639e-05 4.56873 0.186698
Vmaxv22 nan nan nan nan nan nan nan nan nan nan nan nan nan nan nan nan nan nan nan nan nan nan nan nan nan nan nan nan nan nan nan nan nan nan nan nan nan nan nan nan
Vmaxv18 nan nan nan nan nan nan nan nan nan nan nan nan nan nan nan nan nan nan nan nan nan nan nan nan nan nan nan nan nan nan nan nan nan nan nan nan nan nan nan nan
Vmaxv16 0.00472193 0.0109395 0.000863632 0.0140053 0.00202416 2.34378e-05 0.000156372 0.0211122 0.0239453 0.0653436 0.555792 0.0127437 0.999225 1.41772 0.08399 0.00243872 0.07224 0.00844203 2.06123 0.015412 0.183658 0.000480657 1.68031 0.00606289 0.025054 0.0394897 0.00627169 3.11403 0.149234 0.00968348 0.136821 0.000186743 0.00488917 0.0153445 5.73946e-06 0.0657635 0.687233 4.89762e-05 4.56679 0.187126
Vmaxv11 nan nan nan nan nan nan nan nan nan nan nan nan nan nan nan nan nan nan nan nan nan nan nan nan nan nan nan nan nan nan nan nan nan nan nan nan nan nan nan nan
Vmaxv2 nan nan nan nan nan nan nan nan nan nan nan nan nan nan nan nan nan nan nan nan nan nan nan nan nan nan nan nan nan nan nan nan nan nan nan nan nan nan nan nan
Vmaxv0 0.00472578 0.0109363 0.000863712 0.0140168 0.00202163 2.34063e-05 0.000156377 0.0211147 0.0239453 0.0653436 0.555751 0.0127541 0.999215 1.41782 0.08399 0.00243704 0.0721944 0.00844082 2.06132 0.0154535 0.183685 0.00048081 1.68031 0.0060651 0.0250905 0.0395621 0.00627973 3.11403 0.149288 0.00969073 0.136777 0.000186739 0.00488928 0.0153727 5.73163e-06 0.0657579 0.68721 4.89751e-05 4.97527 0.187081
Vmax2v1 nan nan nan nan nan nan nan nan nan nan nan nan nan nan nan nan nan nan nan nan nan nan nan nan nan nan nan nan nan nan nan nan nan nan nan nan nan nan nan nan
Vmax1v1 nan nan nan nan nan nan nan nan nan nan nan nan nan nan nan nan nan nan nan nan nan nan nan nan nan nan nan nan nan nan nan nan nan nan nan nan nan nan nan nan
KiiGraPv4 0.00472186 0.0109405 0.000863634 0.0140051 0.00202409 2.3437e-05 0.000156372 0.0211123 0.0239453 0.0653436 0.555795 0.0127435 0.999225 1.41771 0.08399 0.00243884 0.0722434 0.00844239 2.06123 0.0154134 0.183656 0.000480656 1.68031 0.00606287 0.0250551 0.0394897 0.00627202 3.11403 0.149233 0.0096817 0.136824 0.000186743 0.00488917 0.0153445 5.73926e-06 0.0657653 0.687234 4.89761e-05 4.5668 0.187129
Keqv6 nan nan nan nan nan nan nan nan nan nan nan nan nan nan nan nan nan nan nan nan nan nan nan nan nan nan nan nan nan nan nan nan nan nan nan nan nan nan nan nan
Keqv5 nan nan nan nan nan nan nan nan nan nan nan nan nan nan nan nan nan nan nan nan nan nan nan nan nan nan nan nan nan nan nan nan nan nan nan nan nan nan nan nan
Keqv28 nan nan nan nan nan nan nan nan nan nan nan nan nan nan nan nan nan nan nan nan nan nan nan nan nan nan nan nan nan nan nan nan nan nan nan nan nan nan nan nan
Keqv25 0.00472192 0.0109396 0.000863632 0.0140053 0.00202414 2.34376e-05 0.000156372 0.0211122 0.0239453 0.0653436 0.555793 0.0127437 0.999225 1.41771 0.08399 0.00243877 0.0722413 0.00844207 2.06123 0.0154123 0.183657 0.000480655 1.68031 0.00606287 0.0250543 0.0394896 0.00627176 3.11403 0.149233 0.0096835 0.136822 0.000186743 0.00488917 0.0153444 5.73942e-06 0.0657639 0.687233 4.89762e-05 4.5668 0.187128
Keqv23 nan nan nan nan nan nan nan nan nan nan nan nan nan nan nan nan nan nan nan nan nan nan nan nan nan nan nan nan nan nan nan nan nan nan nan nan nan nan nan nan
Keqv21 0.0247415 0.0116637 0.000828356 0.0734521 0.00312197 3.77271e-05 0.000157438 0.0200497 0.0239412 0.0653426 0.569339 2.00359e-06 0.996348 1.37836 0.0839899 0.00317992 0.0894215 0.00904118 2.04149 0.0369896 0.174314 0.000452225 1.68033 0.00576711 0.0329272 0.0254567 0.0253783 3.11402 0.141998 0.00906886 0.151919 0.000188514 0.00484009 0.00980913 9.31983e-06 0.0705554 0.697205 4.94643e-05 4.50045 0.202808
Keqv19 0.00472194 0.0109396 0.000863632 0.0140053 0.00202416 2.34377e-05 0.000156372 0.0211122 0.0239453 0.0653436 0.555793 0.0127437 0.999225 1.41771 0.08399 0.00243877 0.0722413 0.00844207 2.06123 0.0154123 0.183657 0.000480655 1.68031 0.00606287 0.0250542 0.0394896 0.00627174 3.11403 0.149233 0.0096835 0.136822 0.000185871 0.00488917 0.0153444 5.73945e-06 0.0657639 0.687233 4.89762e-05 4.5668 0.187128
Keqv18 nan nan nan nan nan nan nan nan nan nan nan nan nan nan nan nan nan nan nan nan nan nan nan nan nan nan nan nan nan nan nan nan nan nan nan nan nan nan nan nan
Keqv17 nan nan nan nan nan nan nan nan nan nan nan nan nan nan nan nan nan nan nan nan nan nan nan nan nan nan nan nan nan nan nan nan nan nan nan nan nan nan nan nan
Keqv16 nan nan nan nan nan nan nan nan nan nan nan nan nan nan nan nan nan nan nan nan nan nan nan nan nan nan nan nan nan nan nan nan nan nan nan nan nan nan nan nan
Keqv14 0.00472179 0.0109396 0.000863647 0.0140049 0.00202369 2.34319e-05 0.000156372 0.0211127 0.0239453 0.0653436 0.555793 0.0127433 0.999225 1.41771 0.08399 0.00243876 0.0722413 0.00844207 2.06123 0.0154126 0.183657 0.000480655 1.68031 0.00606287 0.0250545 0.0394897 0.00627188 3.11403 0.149233 0.00968351 0.136822 0.000186743 0.00488919 0.0153445 5.73801e-06 0.0657639 0.687233 4.8976e-05 4.5668 0.187128
Keqv13 nan nan nan nan nan nan nan nan nan nan nan nan nan nan nan nan nan nan nan nan nan nan nan nan nan nan nan nan nan nan nan nan nan nan nan nan nan nan nan nan
Keqv12 0.00473757 0.0109077 0.00086372 0.0140527 0.0020214 2.34033e-05 0.00015634 0.0211149 0.0239453 0.0653437 0.55504 0.0127859 0.999311 1.41796 0.0839901 0.00242956 0.072062 0.0084189 2.06632 0.0155199 0.183938 0.000480324 1.6803 0.00605678 0.0250897 0.0396826 0.00627689 3.11403 0.149083 0.00966121 0.136572 0.000186739 0.00488929 0.0154205 5.73093e-06 0.0655876 0.687997 4.8975e-05 4.56663 0.187037
KX5Pv21 0.0047219 0.0109396 0.000863632 0.0140052 0.00202414 2.34376e-05 0.000156372 0.0211122 0.0239453 0.0653436 0.555793 0.0127437 0.999225 1.41771 0.08399 0.00243877 0.0722413 0.00844207 2.06123 0.0154123 0.183657 0.000480655 1.68031 0.00606287 0.0250543 0.0394896 0.00627174 3.11403 0.149233 0.0096835 0.136822 0.000186743 0.00488917 0.0153445 5.73941e-06 0.0657639 0.687233 4.89762e-05 4.5668 0.187128
K6v26 0.00472206 0.0109396 0.000863632 0.0140056 0.00202416 2.34378e-05 0.000156372 0.0211122 0.0239453 0.0653436 0.555793 0.0127441 0.999225 1.41771 0.08399 0.00243877 0.0722415 0.00844207 2.06123 0.0154129 0.183657 0.000480654 1.68031 0.00606285 0.0250542 0.0394889 0.00627218 3.11403 0.149233 0.00968341 0.136822 0.000186743 0.00488917 0.0153442 5.73946e-06 0.0657638 0.687234 4.89762e-05 4.5668 0.187128
KdAMP nan nan nan nan nan nan nan nan nan nan nan nan nan nan nan nan nan nan nan nan nan nan nan nan nan nan nan nan nan nan nan nan nan nan nan nan nan nan nan nan
KdADP nan nan nan nan nan nan nan nan nan nan nan nan nan nan nan nan nan nan nan nan nan nan nan nan nan nan nan nan nan nan nan nan nan nan nan nan nan nan nan nan
KFru16P2v12 nan nan nan nan nan nan nan nan nan nan nan nan nan nan nan nan nan nan nan nan nan nan nan nan nan nan nan nan nan nan nan nan nan nan nan nan nan nan nan nan
KRu5Pv21 0.0047217 0.0109396 0.000863632 0.0140048 0.00202414 2.34375e-05 0.000156372 0.0211122 0.0239453 0.0653436 0.555793 0.0127443 0.999225 1.41771 0.08399 0.00243877 0.0722413 0.00844208 2.06123 0.0154123 0.183657 0.000480655 1.68031 0.00606287 0.0250543 0.0394896 0.0062717 3.11403 0.149233 0.0096835 0.136822 0.000186743 0.00488917 0.0153445 5.7394e-06 0.0657639 0.687233 4.89762e-05 4.5668 0.187128
Keqv29 nan nan nan nan nan nan nan nan nan nan nan nan nan nan nan nan nan nan nan nan nan nan nan nan nan nan nan nan nan nan nan nan nan nan nan nan nan nan nan nan
Kd3 nan nan nan nan nan nan nan nan nan nan nan nan nan nan nan nan nan nan nan nan nan nan nan nan nan nan nan nan nan nan nan nan nan nan nan nan nan nan nan nan
Keqv26 0.00472192 0.0109396 0.000863632 0.0140053 0.00202414 2.34376e-05 0.000156372 0.0211122 0.0239453 0.0653436 0.555793 0.0127437 0.999225 1.41771 0.08399 0.00243877 0.0722413 0.00844208 2.06123 0.0154123 0.183657 0.000480655 1.68031 0.00606287 0.0250543 0.0394896 0.00627176 3.11403 0.149233 0.0096835 0.136822 0.000186743 0.00488917 0.0153444 5.73941e-06 0.0657639 0.687233 4.89762e-05 4.5668 0.187128
KR5Pv25 0.00518109 0.0108494 0.000866179 0.0154385 0.00194419 2.24452e-05 0.000156117 0.0211896 0.0239456 0.0653439 0.553963 0.0139815 0.999913 1.42294 0.0839898 0.00233278 0.0700708 0.00834617 2.06426 0.0158881 0.184943 0.000483362 1.6803 0.00608134 0.0269456 0.0416869 0.00610302 3.11403 0.149681 0.00969544 0.134792 0.000186619 0.00489268 0.0162099 5.49263e-06 0.0649407 0.685976 4.89417e-05 4.57875 0.184926
KR5Pv22 0.0047219 0.0109396 0.000863632 0.0140053 0.00202414 2.34376e-05 0.000156372 0.0211122 0.0239453 0.0653436 0.555793 0.0127436 0.999225 1.41771 0.08399 0.00243876 0.0722413 0.00844207 2.06123 0.0154123 0.183657 0.000480655 1.68031 0.00606287 0.0250543 0.0394896 0.00627175 3.11403 0.149233 0.0096835 0.136822 0.000186743 0.00488917 0.0153444 5.73941e-06 0.0657639 0.687233 4.89762e-05 4.5668 0.187128
KPGA23v18 nan nan nan nan nan nan nan nan nan nan nan nan nan nan nan nan nan nan nan nan nan nan nan nan nan nan nan nan nan nan nan nan nan nan nan nan nan nan nan nan
Vmaxv9 nan nan nan nan nan nan nan nan nan nan nan nan nan nan nan nan nan nan nan nan nan nan nan nan nan nan nan nan nan nan nan nan nan nan nan nan nan nan nan nan
KPv6 0.00473052 0.0110178 0.000863731 0.0140319 0.00202103 2.33988e-05 0.000156377 0.0211152 0.0239453 0.0653436 0.555748 0.0127669 0.99922 1.418 0.0839894 0.00243476 0.0721265 0.00848539 2.06098 0.0154999 0.18371 0.000483161 1.68031 0.00604195 0.0250821 0.0396173 0.00626295 3.11403 0.148719 0.00962191 0.136722 0.000186738 0.00488931 0.0153947 5.72977e-06 0.0660531 0.687093 4.89748e-05 4.56694 0.187005
KPEPv12 nan nan nan nan nan nan nan nan nan nan nan nan nan nan nan nan nan nan nan nan nan nan nan nan nan nan nan nan nan nan nan nan nan nan nan nan nan nan nan nan
KNADPv19 0.00472195 0.0109396 0.000863632 0.0140054 0.00202416 2.34378e-05 0.000156372 0.0211122 0.0239453 0.0653436 0.555793 0.0127438 0.999225 1.41771 0.08399 0.00243877 0.0722413 0.00844208 2.06123 0.0154123 0.183657 0.000480655 1.68031 0.00606287 0.0250542 0.0394896 0.00627173 3.11403 0.149233 0.0096835 0.136822 0.000186332 0.00488917 0.0153444 5.73947e-06 0.0657639 0.687233 4.89762e-05 4.5668 0.187128
Vmaxv24 0.0047044 0.0109376 0.000863702 0.0139531 0.00202195 2.34103e-05 0.000156367 0.0211143 0.0239453 0.0653436 0.555757 0.0126964 0.999238 1.41782 0.08399 0.00243701 0.0721963 0.00844012 2.06128 0.0152154 0.183683 0.000480714 1.68031 0.00606334 0.0250595 0.0395352 0.00630479 3.11403 0.149244 0.00968413 0.13678 0.00018674 0.00488927 0.0153624 5.73261e-06 0.0657474 0.687205 4.89752e-05 4.56697 0.187082
KNADPv18 nan nan nan nan nan nan nan nan nan nan nan nan nan nan nan nan nan nan nan nan nan nan nan nan nan nan nan nan nan nan nan nan nan nan nan nan nan nan nan nan
Vmaxv25 nan nan nan nan nan nan nan nan nan nan nan nan nan nan nan nan nan nan nan nan nan nan nan nan nan nan nan nan nan nan nan nan nan nan nan nan nan nan nan nan
Vmaxv19 0.00472586 0.0109396 0.000863606 0.0140171 0.00202497 2.34478e-05 0.000156372 0.0211114 0.0239453 0.0653436 0.555793 0.0127543 0.999224 1.41771 0.08399 0.00243882 0.0722422 0.00844215 2.06123 0.015399 0.183657 0.000480657 1.68031 0.00606291 0.0250427 0.0394885 0.00626632 3.11439 0.149234 0.00968362 0.136823 5.24753e-06 0.00488913 0.015344 5.74196e-06 0.0657646 0.687234 4.89765e-05 4.56679 0.187129
KNADPv17 nan nan nan nan nan nan nan nan nan nan nan nan nan nan nan nan nan nan nan nan nan nan nan nan nan nan nan nan nan nan nan nan nan nan nan nan nan nan nan nan
KNADPHv17 nan nan nan nan nan nan nan nan nan nan nan nan nan nan nan nan nan nan nan nan nan nan nan nan nan nan nan nan nan nan nan nan nan nan nan nan nan nan nan nan
K13P2Gv6 0.00472191 0.0109415 0.000863633 0.0140053 0.00202412 2.34373e-05 0.000156372 0.0211122 0.0239453 0.0653436 0.555791 0.0127437 0.999224 1.41772 0.08399 0.00243871 0.0722398 0.00844316 2.06124 0.0154131 0.183658 0.000480713 1.68031 0.00606237 0.0250544 0.0394907 0.00627139 3.11403 0.149221 0.009682 0.13682 0.000186743 0.00488917 0.0153449 5.73934e-06 0.0657712 0.687233 4.89762e-05 4.5668 0.187126
KNADHv6 0.00472192 0.0109399 0.000863632 0.0140053 0.00202414 2.34375e-05 0.000156372 0.0211122 0.0239453 0.0653436 0.555792 0.0127437 0.999225 1.41771 0.08399 0.00243875 0.072241 0.00844224 2.06123 0.0154124 0.183657 0.000480665 1.68031 0.0060628 0.0250543 0.0394898 0.0062717 3.11403 0.149231 0.00968327 0.136821 0.000186743 0.00488917 0.0153445 5.73941e-06 0.065765 0.687233 4.89762e-05 4.5668 0.187127
KGSSGv19 nan nan nan nan nan nan nan nan nan nan nan nan nan nan nan nan nan nan nan nan nan nan nan nan nan nan nan nan nan nan nan nan nan nan nan nan nan nan nan nan
KMoutv0 0.00472292 0.0109387 0.00086365 0.0140082 0.00202359 2.34306e-05 0.000156373 0.0211128 0.0239453 0.0653436 0.555783 0.0127464 0.999222 1.41774 0.08399 0.00243837 0.0722304 0.00844182 2.06125 0.0154221 0.183664 0.000480696 1.68031 0.00606347 0.0250615 0.0395076 0.00627365 3.11403 0.149248 0.00968551 0.136812 0.000186742 0.0048892 0.0153515 5.73769e-06 0.0657631 0.687227 4.89759e-05 4.67619 0.187117
KDHAPv4 nan nan nan nan nan nan nan nan nan nan nan nan nan nan nan nan nan nan nan nan nan nan nan nan nan nan nan nan nan nan nan nan nan nan nan nan nan nan nan nan
KMinv0 0.00472278 0.0109389 0.000863644 0.0140078 0.00202376 2.34328e-05 0.000156373 0.0211126 0.0239453 0.0653436 0.555786 0.012746 0.999221 1.41773 0.08399 0.00243846 0.0722328 0.00844191 2.06124 0.0154201 0.183662 0.00048069 1.68031 0.00606341 0.0250583 0.0395046 0.00627327 3.11403 0.149246 0.00968532 0.136814 0.000186743 0.00488919 0.0153503 5.73823e-06 0.0657637 0.687228 4.8976e-05 4.66745 0.187119
KATPv18 nan nan nan nan nan nan nan nan nan nan nan nan nan nan nan nan nan nan nan nan nan nan nan nan nan nan nan nan nan nan nan nan nan nan nan nan nan nan nan nan
KMgv1 nan nan nan nan nan nan nan nan nan nan nan nan nan nan nan nan nan nan nan nan nan nan nan nan nan nan nan nan nan nan nan nan nan nan nan nan nan nan nan nan
Vmaxv13 0.00472551 0.011739 0.000864849 0.0140218 0.00198586 2.2963e-05 0.000143945 0.0211493 0.0239454 0.0653561 0.555579 0.0127531 0.999128 1.41947 0.083986 0.00241462 0.0715517 0.00889645 2.05926 0.0161852 0.183956 0.000505329 1.68031 0.00586832 0.025628 0.0403147 0.00622722 3.11403 0.144453 0.00912346 0.136233 0.000186683 0.00489085 0.0156687 5.62103e-06 0.0688398 0.686302 4.89597e-05 4.57029 0.186373
KADPv16 0.00472192 0.0109396 0.000863632 0.0140053 0.00202414 2.34376e-05 0.000156372 0.0211122 0.0239453 0.0653436 0.555793 0.0127437 0.999225 1.41771 0.08399 0.00243876 0.0722411 0.00844208 2.06123 0.0154124 0.183657 0.000480654 1.68031 0.00606286 0.0250543 0.0394897 0.00627175 3.11403 0.149233 0.00968346 0.136822 0.000186743 0.00488917 0.0153445 5.73941e-06 0.0657639 0.687233 4.89762e-05 4.5668 0.187128
Kd4 nan nan nan nan nan nan nan nan nan nan nan nan nan nan nan nan nan nan nan nan nan nan nan nan nan nan nan nan nan nan nan nan nan nan nan nan nan nan nan nan
K23P2Gv8 nan nan nan nan nan nan nan nan nan nan nan nan nan nan nan nan nan nan nan nan nan nan nan nan nan nan nan nan nan nan nan nan nan nan nan nan nan nan nan nan
KMgATPv1 nan nan nan nan nan nan nan nan nan nan nan nan nan nan nan nan nan nan nan nan nan nan nan nan nan nan nan nan nan nan nan nan nan nan nan nan nan nan nan nan
KMgATPMgv1 nan nan nan nan nan nan nan nan nan nan nan nan nan nan nan nan nan nan nan nan nan nan nan nan nan nan nan nan nan nan nan nan nan nan nan nan nan nan nan nan
Keqv27 nan nan nan nan nan nan nan nan nan nan nan nan nan nan nan nan nan nan nan nan nan nan nan nan nan nan nan nan nan nan nan nan nan nan nan nan nan nan nan nan
KMgADPv7 nan nan nan nan nan nan nan nan nan nan nan nan nan nan nan nan nan nan nan nan nan nan nan nan nan nan nan nan nan nan nan nan nan nan nan nan nan nan nan nan
KMg23P2Gv1 nan nan nan nan nan nan nan nan nan nan nan nan nan nan nan nan nan nan nan nan nan nan nan nan nan nan nan nan nan nan nan nan nan nan nan nan nan nan nan nan
Vmaxv12 nan nan nan nan nan nan nan nan nan nan nan nan nan nan nan nan nan nan nan nan nan nan nan nan nan nan nan nan nan nan nan nan nan nan nan nan nan nan nan nan
KMGlcv1 nan nan nan nan nan nan nan nan nan nan nan nan nan nan nan nan nan nan nan nan nan nan nan nan nan nan nan nan nan nan nan nan nan nan nan nan nan nan nan nan
Vmaxv21 0.00472169 0.0109393 0.000863643 0.0140047 0.0020238 2.34332e-05 0.000156372 0.0211126 0.0239453 0.0653436 0.55579 0.0127434 0.999225 1.41772 0.08399 0.00243861 0.0722371 0.00844194 2.06123 0.015419 0.183659 0.000480666 1.68031 0.00606301 0.0250607 0.0394948 0.00627351 3.11403 0.149236 0.00968389 0.136818 0.000186743 0.00488919 0.0153465 5.73834e-06 0.065763 0.68723 4.8976e-05 4.56678 0.187123
KGraPv6 0.00472296 0.0109864 0.000863652 0.0140084 0.00202351 2.34296e-05 0.00015637 0.0211128 0.0239453 0.0653436 0.555752 0.0127465 0.999229 1.41779 0.0839898 0.00243741 0.0722067 0.00846808 2.06137 0.0154365 0.183681 0.000482029 1.68031 0.00605009 0.0250553 0.0395253 0.00626267 3.11403 0.148919 0.00964573 0.136789 0.000186742 0.0048892 0.0153585 5.73744e-06 0.0659375 0.687229 4.89759e-05 4.5668 0.187094
Keqv3 0.00472192 0.0109396 0.000863632 0.0140053 0.00202414 2.34376e-05 0.000156372 0.0211122 0.0239453 0.0653436 0.555793 0.0127437 0.999225 1.41771 0.08399 0.00243877 0.0722413 0.00844207 2.06123 0.0154123 0.183657 0.000480655 1.68031 0.00606287 0.0250543 0.0394896 0.00627176 3.11403 0.149233 0.0096835 0.136822 0.000186743 0.00488917 0.0153444 5.73942e-06 0.0657639 0.687233 4.89762e-05 4.5668 0.187128
KAMPv3 nan nan nan nan nan nan nan nan nan nan nan nan nan nan nan nan nan nan nan nan nan nan nan nan nan nan nan nan nan nan nan nan nan nan nan nan nan nan nan nan
KGlc6Pv2 nan nan nan nan nan nan nan nan nan nan nan nan nan nan nan nan nan nan nan nan nan nan nan nan nan nan nan nan nan nan nan nan nan nan nan nan nan nan nan nan
KGlc6Pv1 nan nan nan nan nan nan nan nan nan nan nan nan nan nan nan nan nan nan nan nan nan nan nan nan nan nan nan nan nan nan nan nan nan nan nan nan nan nan nan nan
KGSHv19 nan nan nan nan nan nan nan nan nan nan nan nan nan nan nan nan nan nan nan nan nan nan nan nan nan nan nan nan nan nan nan nan nan nan nan nan nan nan nan nan
kATPasev15 0.00472192 0.0109396 0.000863632 0.0140053 0.00202414 2.34376e-05 0.000156372 0.0211122 0.0239453 0.0653436 0.555793 0.0127437 0.999225 1.41771 0.08399 0.00243877 0.0722413 0.00844208 2.06123 0.0154123 0.183657 0.000480655 1.68031 0.00606287 0.0250543 0.0394896 0.00627176 3.11403 0.149233 0.0096835 0.136822 0.000186743 0.00488917 0.0153444 5.73941e-06 0.0657639 0.687233 4.89762e-05 4.5668 0.187128
Kv20 nan nan nan nan nan nan nan nan nan nan nan nan nan nan nan nan nan nan nan nan nan nan nan nan nan nan nan nan nan nan nan nan nan nan nan nan nan nan nan nan
Keqv2 0.00174674 0.0153301 0.000910665 0.00515168 0.000536725 5.88681e-06 0.000144229 0.0225526 0.0239502 0.0653558 0.740175 0.00471155 1.01987 0.955261 0.0840278 0.0157306 0.354172 0.00935061 1.80524 4.21033e-05 0.0929336 0.000150063 1.68002 0.00169272 0.0595752 0.193926 2.31851e-05 3.11403 0.0416034 0.000619674 0.287438 0.000184518 0.00495313 1.53873e-06 1.42497e-06 0.0657251 0.801395 4.83537e-05 4.83177 0.294465
KFru6Pv2 0.00472233 0.0109393 0.000863625 0.0140064 0.00202436 2.34403e-05 0.000156373 0.021112 0.0239453 0.0653436 0.555792 0.0127448 0.999222 1.41772 0.08399 0.00243874 0.0722406 0.00844213 2.06123 0.0154146 0.183658 0.00048067 1.68031 0.00606315 0.0250536 0.0394796 0.00627212 3.11403 0.14924 0.00968463 0.136821 0.000186744 0.00488916 0.0153468 5.74007e-06 0.0657652 0.687233 4.89763e-05 4.56679 0.187127
KFru16P2v4 nan nan nan nan nan nan nan nan nan nan nan nan nan nan nan nan nan nan nan nan nan nan nan nan nan nan nan nan nan nan nan nan nan nan nan nan nan nan nan nan
Keqv11 nan nan nan nan nan nan nan nan nan nan nan nan nan nan nan nan nan nan nan nan nan nan nan nan nan nan nan nan nan nan nan nan nan nan nan nan nan nan nan nan
KDHAPv5 0.00472279 0.010947 0.000863638 0.0140079 0.00202395 2.34351e-05 0.000156372 0.0211124 0.0239453 0.0653436 0.555782 0.012746 0.999224 1.41773 0.08399 0.00243846 0.0722333 0.00844633 2.06127 0.0154142 0.183663 0.000480894 1.68031 0.00606588 0.0250579 0.0394961 0.00627466 3.11403 0.149088 0.00967806 0.136814 0.000186743 0.00488918 0.015347 5.73881e-06 0.0657928 0.687234 4.89761e-05 4.56682 0.18712
Vmaxv26 0.00469338 0.0109376 0.000863706 0.0139202 0.00202182 2.34086e-05 0.000156368 0.0211145 0.0239453 0.0653436 0.555753 0.0126666 0.999235 1.41782 0.08399 0.00243693 0.0721963 0.00844023 2.06131 0.0150799 0.183684 0.000480726 1.68031 0.00606352 0.0250449 0.0395356 0.00612913 3.11403 0.149249 0.00968469 0.136779 0.00018674 0.00488927 0.0153626 5.7322e-06 0.0657487 0.687211 4.89752e-05 4.56705 0.187083
K4v24 0.00472139 0.0109393 0.000863636 0.0140038 0.00202402 2.3436e-05 0.000156372 0.0211123 0.0239453 0.0653436 0.55579 0.0127423 0.999223 1.41772 0.08399 0.00243861 0.0722369 0.00844204 2.06123 0.0154126 0.18366 0.000480675 1.68031 0.00606315 0.0250545 0.0394947 0.00627434 3.11403 0.14924 0.00968432 0.136818 0.000186743 0.00488918 0.0153465 5.73903e-06 0.0657641 0.68723 4.89761e-05 4.56678 0.187123
KMgATPv3 0.00471882 0.0108945 0.000863149 0.0139954 0.0020393 2.36262e-05 0.000156435 0.0210976 0.0239452 0.0653436 0.555429 0.0127353 0.999108 1.41934 0.0839898 0.00241522 0.0715826 0.00842388 2.06063 0.015163 0.183989 0.000482684 1.68031 0.00609187 0.0248304 0.0391735 0.00625141 3.11403 0.149947 0.00977826 0.136229 0.000186767 0.00488851 0.0152198 5.78639e-06 0.06567 0.686583 4.89827e-05 4.56504 0.186442
KGraPv5 0.00472193 0.0109396 0.000863632 0.0140053 0.00202414 2.34376e-05 0.000156372 0.0211122 0.0239453 0.0653436 0.555793 0.0127437 0.999225 1.41771 0.08399 0.00243876 0.0722411 0.00844211 2.06123 0.0154124 0.183657 0.000480658 1.68031 0.00606291 0.0250543 0.0394897 0.00627179 3.11403 0.149232 0.00968346 0.136822 0.000186743 0.00488917 0.0153445 5.73941e-06 0.0657642 0.687233 4.89762e-05 4.5668 0.187127
KATPv16 0.00472192 0.0109396 0.000863632 0.0140053 0.00202414 2.34376e-05 0.000156372 0.0211122 0.0239453 0.0653436 0.555793 0.0127437 0.999225 1.41771 0.08399 0.00243876 0.0722411 0.00844208 2.06123 0.0154123 0.183657 0.000480655 1.68031 0.00606287 0.0250543 0.0394896 0.00627175 3.11403 0.149233 0.00968348 0.136822 0.000186743 0.00488917 0.0153445 5.73941e-06 0.0657639 0.687233 4.89762e-05 4.5668 0.187128
KATPv12 nan nan nan nan nan nan nan nan nan nan nan nan nan nan nan nan nan nan nan nan nan nan nan nan nan nan nan nan nan nan nan nan nan nan nan nan nan nan nan nan
Vmaxv29 0.00472192 0.0109403 0.00086363 0.0140053 0.0020242 2.34382e-05 0.000156359 0.0211122 0.0239453 0.0653436 0.555792 0.0127437 0.999224 1.41772 0.0839971 0.00243874 0.0722405 0.00844251 2.06123 0.0154124 0.183658 0.00048068 1.68031 0.0060627 0.0250543 0.0394898 0.00627161 3.11403 0.149229 0.00968296 0.136821 0.000186743 0.00488917 0.0153445 5.73957e-06 0.0657669 0.687233 4.89762e-05 4.5668 0.187127
KNADv6 0.00471981 0.0109868 0.000863621 0.013999 0.00202448 2.34418e-05 0.000156375 0.0211119 0.0239453 0.0653436 0.555753 0.012738 0.999213 1.41769 0.0839898 0.00243872 0.072246 0.0084694 2.06158 0.0154176 0.183667 0.000481982 1.68031 0.00605061 0.0250452 0.0394878 0.00626155 3.11403 0.148932 0.00964793 0.136821 0.000186744 0.00488916 0.0153437 5.74047e-06 0.0659506 0.687298 4.89763e-05 4.56674 0.187138
kDPGMv8 nan nan nan nan nan nan nan nan nan nan nan nan nan nan nan nan nan nan nan nan nan nan nan nan nan nan nan nan nan nan nan nan nan nan nan nan nan nan nan nan
Vmaxv5 0.00472435 0.0109477 0.000863647 0.0140124 0.00202369 2.34319e-05 0.000156366 0.0211127 0.0239453 0.0653436 0.555764 0.0127503 0.99924 1.41781 0.08399 0.00243735 0.0722028 0.00844569 2.06126 0.0154237 0.183679 0.000480948 1.68031 0.00606622 0.0250554 0.0395203 0.00627561 3.11403 0.149049 0.00967507 0.136787 0.000186742 0.00488919 0.0153565 5.73801e-06 0.0657844 0.687206 4.8976e-05 4.5668 0.187088
KAMPv16 0.00472193 0.0109396 0.000863632 0.0140053 0.00202414 2.34375e-05 0.000156372 0.0211122 0.0239453 0.0653436 0.555793 0.0127437 0.999225 1.41771 0.08399 0.00243875 0.0722408 0.00844209 2.06123 0.0154125 0.183657 0.000480653 1.68031 0.00606284 0.0250543 0.0394899 0.00627174 3.11403 0.149232 0.00968339 0.136822 0.000186743 0.00488917 0.0153446 5.73939e-06 0.065764 0.687234 4.89762e-05 4.5668 0.187129
KNADPHv19 0.00472329 0.0109396 0.000863621 0.0140094 0.0020245 2.3442e-05 0.000156372 0.0211119 0.0239453 0.0653436 0.555793 0.0127474 0.999225 1.41771 0.08399 0.00243879 0.0722419 0.0084421 2.06123 0.0154067 0.183657 0.000480654 1.68031 0.00606286 0.0250496 0.0394887 0.00626961 3.11426 0.149233 0.00968345 0.136822 6.7755e-05 0.00488916 0.0153441 5.74051e-06 0.0657641 0.687234 4.89763e-05 4.56679 0.187128
KRu5Pv22 0.00471637 0.0109398 0.000863639 0.0140341 0.00202391 2.34348e-05 0.000156371 0.0211124 0.0239453 0.0653436 0.555794 0.0127287 0.999227 1.41771 0.08399 0.00243886 0.0722427 0.00844207 2.06123 0.0154179 0.183656 0.000480644 1.68031 0.00606267 0.0250533 0.0394827 0.00627617 3.11403 0.149228 0.00968261 0.136823 0.000186743 0.00488918 0.0153417 5.7387e-06 0.0657633 0.687234 4.89761e-05 4.56679 0.187129
KG6Pv17 nan nan nan nan nan nan nan nan nan nan nan nan nan nan nan nan nan nan nan nan nan nan nan nan nan nan nan nan nan nan nan nan nan nan nan nan nan nan nan nan
K7v24 0.00472015 0.0109393 0.000863639 0.0140001 0.00202392 2.34348e-05 0.000156372 0.0211124 0.0239453 0.0653436 0.555789 0.0127389 0.999225 1.41772 0.08399 0.0024386 0.0722372 0.00844193 2.06124 0.0153929 0.18366 0.000480665 1.68031 0.00606299 0.0250547 0.0394948 0.00627568 3.11403 0.149236 0.00968383 0.136818 0.000186743 0.00488918 0.0153465 5.73873e-06 0.0657629 0.687231 4.89761e-05 4.56681 0.187123
K7v23 0.00473465 0.0109399 0.000863618 0.0140432 0.0020246 2.34432e-05 0.000156373 0.0211118 0.0239453 0.0653436 0.555798 0.0127781 0.999222 1.4177 0.08399 0.00243906 0.0722475 0.0084424 2.06122 0.0153644 0.183654 0.000480652 1.68031 0.00606288 0.0250674 0.0394825 0.00625345 3.11403 0.149233 0.00968359 0.136827 0.000186744 0.00488915 0.0153417 5.74082e-06 0.0657668 0.687237 4.89764e-05 4.56676 0.187134
Vmaxv10 nan nan nan nan nan nan nan nan nan nan nan nan nan nan nan nan nan nan nan nan nan nan nan nan nan nan nan nan nan nan nan nan nan nan nan nan nan nan nan nan
Keqv10 nan nan nan nan nan nan nan nan nan nan nan nan nan nan nan nan nan nan nan nan nan nan nan nan nan nan nan nan nan nan nan nan nan nan nan nan nan nan nan nan
KMgATPv7 0.00472192 0.0109396 0.000863632 0.0140053 0.00202414 2.34376e-05 0.000156375 0.0211122 0.0239453 0.0653436 0.555793 0.0127437 0.999225 1.41771 0.0839899 0.00243876 0.0722412 0.00844211 2.06123 0.0154123 0.183657 0.000480641 1.68031 0.00606285 0.0250543 0.0394896 0.00627176 3.11403 0.149233 0.00968348 0.136821 0.000186743 0.00488917 0.0153444 5.73941e-06 0.0657644 0.687233 4.89762e-05 4.5668 0.187128
Vmaxv17 nan nan nan nan nan nan nan nan nan nan nan nan nan nan nan nan nan nan nan nan nan nan nan nan nan nan nan nan nan nan nan nan nan nan nan nan nan nan nan nan
KFru6Pv3 nan nan nan nan nan nan nan nan nan nan nan nan nan nan nan nan nan nan nan nan nan nan nan nan nan nan nan nan nan nan nan nan nan nan nan nan nan nan nan nan
K7v26 0.00472197 0.0109394 0.000863634 0.0140056 0.00202408 2.34367e-05 0.000156372 0.0211123 0.0239453 0.0653436 0.555791 0.0127438 0.999224 1.41772 0.08399 0.00243869 0.0722391 0.00844204 2.06123 0.0154234 0.183658 0.000480665 1.68031 0.00606301 0.0250546 0.0394931 0.00627553 3.11403 0.149237 0.00968396 0.13682 0.000186743 0.00488917 0.0153458 5.73921e-06 0.0657639 0.687232 4.89761e-05 4.56678 0.187125
K1v24 0.00472097 0.0109394 0.000863636 0.0140025 0.00202401 2.3436e-05 0.000156372 0.0211123 0.0239453 0.0653436 0.555791 0.0127411 0.999225 1.41772 0.08399 0.00243867 0.0722387 0.00844199 2.06124 0.0154027 0.183659 0.000480662 1.68031 0.00606296 0.0250545 0.0394931 0.00627419 3.11403 0.149235 0.00968378 0.136819 0.000186743 0.00488918 0.0153458 5.73901e-06 0.0657634 0.687232 4.89761e-05 4.5668 0.187125
KGraPv4 nan nan nan nan nan nan nan nan nan nan nan nan nan nan nan nan nan nan nan nan nan nan nan nan nan nan nan nan nan nan nan nan nan nan nan nan nan nan nan nan
K6v24 0.00472189 0.0109395 0.000863632 0.0140053 0.00202414 2.34375e-05 0.000156372 0.0211122 0.0239453 0.0653436 0.555793 0.0127436 0.999225 1.41771 0.08399 0.00243878 0.0722418 0.00844208 2.06123 0.0154117 0.183657 0.000480654 1.68031 0.00606287 0.0250543 0.0394905 0.00627245 3.11403 0.149233 0.00968357 0.136822 0.000186743 0.00488917 0.0153448 5.7394e-06 0.065764 0.687234 4.89762e-05 4.5668 0.187128
Keqv7 nan nan nan nan nan nan nan nan nan nan nan nan nan nan nan nan nan nan nan nan nan nan nan nan nan nan nan nan nan nan nan nan nan nan nan nan nan nan nan nan
Kd2 nan nan nan nan nan nan nan nan nan nan nan nan nan nan nan nan nan nan nan nan nan nan nan nan nan nan nan nan nan nan nan nan nan nan nan nan nan nan nan nan
Keqv22 nan nan nan nan nan nan nan nan nan nan nan nan nan nan nan nan nan nan nan nan nan nan nan nan nan nan nan nan nan nan nan nan nan nan nan nan nan nan nan nan
KNADPHv18 0.00472383 0.010939 0.000863819 0.0140108 0.00201827 2.33645e-05 0.000156371 0.0211179 0.0239453 0.0653436 0.555782 0.0127488 0.999228 1.41774 0.08399 0.00243837 0.0722305 0.00844161 2.06127 0.0154179 0.183664 0.000480672 1.68031 0.00606304 0.0246368 0.0395025 0.00627191 3.11403 0.149237 0.00968392 0.136811 0.000186734 0.00488943 0.0153495 5.72122e-06 0.0657602 0.68723 4.89736e-05 4.56693 0.187117
K6PG2v18 0.00472651 0.0109386 0.000863791 0.0140188 0.00201913 2.33753e-05 0.000156371 0.0211171 0.0239453 0.0653436 0.555778 0.0127561 0.999228 1.41776 0.08399 0.00243808 0.072222 0.00844133 2.06125 0.0154156 0.183668 0.00048069 1.68031 0.00606324 0.0249541 0.0395109 0.00626977 3.11403 0.149242 0.00968438 0.136804 0.000186735 0.00488939 0.0153528 5.7239e-06 0.065758 0.68722 4.8974e-05 4.56686 0.187108
KMgADPv12 nan nan nan nan nan nan nan nan nan nan nan nan nan nan nan nan nan nan nan nan nan nan nan nan nan nan nan nan nan nan nan nan nan nan nan nan nan nan nan nan
K4v26 0.00472187 0.0109396 0.000863632 0.0140051 0.00202414 2.34375e-05 0.000156372 0.0211122 0.0239453 0.0653436 0.555793 0.0127435 0.999225 1.41771 0.08399 0.00243876 0.0722412 0.00844207 2.06123 0.015412 0.183657 0.000480656 1.68031 0.00606288 0.0250543 0.0394898 0.0062716 3.11403 0.149233 0.00968352 0.136822 0.000186743 0.00488917 0.0153445 5.73939e-06 0.0657639 0.687233 4.89762e-05 4.5668 0.187127
K5v23 0.00472539 0.0109396 0.000863627 0.0140157 0.00202432 2.34397e-05 0.000156372 0.0211121 0.0239453 0.0653436 0.555794 0.0127531 0.999225 1.41771 0.08399 0.00243885 0.0722431 0.00844213 2.06123 0.0153998 0.183656 0.000480652 1.68031 0.00606284 0.025056 0.0394881 0.00626689 3.11403 0.149232 0.00968344 0.136823 0.000186743 0.00488916 0.0153439 5.73995e-06 0.0657644 0.687235 4.89762e-05 4.56679 0.187129
KATPv25 0.00471986 0.0109398 0.00086363 0.0139983 0.00202421 2.34384e-05 0.000156373 0.0211122 0.0239453 0.0653436 0.555799 0.0127381 0.999222 1.41769 0.08399 0.00243945 0.072249 0.00844239 2.06123 0.0154123 0.183653 0.000480647 1.68031 0.00606284 0.0250523 0.0394832 0.00627297 3.11403 0.149232 0.00968364 0.136829 0.000186743 0.00488917 0.0153419 5.73963e-06 0.0657668 0.687239 4.89762e-05 4.56679 0.187135
Keqv0 nan nan nan nan nan nan nan nan nan nan nan nan nan nan nan nan nan nan nan nan nan nan nan nan nan nan nan nan nan nan nan nan nan nan nan nan nan nan nan nan
Kd23P2G nan nan nan nan nan nan nan nan nan nan nan nan nan nan nan nan nan nan nan nan nan nan nan nan nan nan nan nan nan nan nan nan nan nan nan nan nan nan nan nan
K6PG1v18 nan nan nan nan nan nan nan nan nan nan nan nan nan nan nan nan nan nan nan nan nan nan nan nan nan nan nan nan nan nan nan nan nan nan nan nan nan nan nan nan
Keqv24 nan nan nan nan nan nan nan nan nan nan nan nan nan nan nan nan nan nan nan nan nan nan nan nan nan nan nan nan nan nan nan nan nan nan nan nan nan nan nan nan
Keqv1 0.0047219 0.0109396 0.000863632 0.0140052 0.00202415 2.34377e-05 0.000156372 0.0211122 0.0239453 0.0653436 0.555793 0.0127436 0.999225 1.41771 0.08399 0.00243877 0.0722413 0.00844207 2.06123 0.0154122 0.183657 0.000480654 1.68031 0.00606285 0.0250542 0.0394893 0.00627173 3.11403 0.149233 0.00968344 0.136822 0.000186743 0.00488917 0.0153443 5.73943e-06 0.0657638 0.687233 4.89762e-05 4.5668 0.187128
K3v23 nan nan nan nan nan nan nan nan nan nan nan nan nan nan nan nan nan nan nan nan nan nan nan nan nan nan nan nan nan nan nan nan nan nan nan nan nan nan nan nan
KPEPv11 0.00472192 0.010946 0.000863633 0.0140053 0.00202413 2.34373e-05 0.000156372 0.0211122 0.0239453 0.0653436 0.555785 0.0127437 0.999219 1.41774 0.0839901 0.00243841 0.0722311 0.00843989 2.06124 0.0154129 0.183663 0.000480601 1.68031 0.00606223 0.0250543 0.0394921 0.00627126 3.11403 0.149217 0.00968113 0.136812 0.000186743 0.00488917 0.0153455 5.73937e-06 0.0657503 0.687227 4.89762e-05 4.5668 0.187118
K3PGv10 nan nan nan nan nan nan nan nan nan nan nan nan nan nan nan nan nan nan nan nan nan nan nan nan nan nan nan nan nan nan nan nan nan nan nan nan nan nan nan nan
K5v26 0.00472212 0.0109396 0.000863631 0.0140058 0.00202417 2.34379e-05 0.000156372 0.0211122 0.0239453 0.0653436 0.555793 0.0127442 0.999225 1.41771 0.08399 0.00243878 0.0722417 0.00844208 2.06123 0.0154132 0.183657 0.000480653 1.68031 0.00606284 0.0250542 0.0394887 0.00627237 3.11403 0.149232 0.00968339 0.136822 0.000186743 0.00488917 0.0153441 5.73949e-06 0.0657639 0.687234 4.89762e-05 4.5668 0.187128
K4v23 0.00472181 0.0109396 0.000863632 0.0140049 0.00202414 2.34375e-05 0.000156372 0.0211122 0.0239453 0.0653436 0.555793 0.0127434 0.999225 1.41771 0.08399 0.00243876 0.0722413 0.00844207 2.06123 0.0154127 0.183657 0.000480655 1.68031 0.00606287 0.0250542 0.0394896 0.00627191 3.11403 0.149233 0.00968351 0.136822 0.000186743 0.00488917 0.0153445 5.7394e-06 0.0657639 0.687233 4.89762e-05 4.5668 0.187128
K23P2Gv9 0.00474745 0.0109396 0.00086419 0.0140814 0.00200664 2.32196e-05 0.000156289 0.0211292 0.0239453 0.0653437 0.557053 0.0128127 0.999784 1.41956 0.0839929 0.00242574 0.0716847 0.00844972 2.04816 0.0156599 0.18348 0.000482748 1.6803 0.00608209 0.025255 0.039925 0.0063243 3.11403 0.149704 0.00972851 0.136536 0.000186716 0.00488994 0.0155158 5.68523e-06 0.0658453 0.684428 4.89686e-05 4.56827 0.186316
KATPv17 nan nan nan nan nan nan nan nan nan nan nan nan nan nan nan nan nan nan nan nan nan nan nan nan nan nan nan nan nan nan nan nan nan nan nan nan nan nan nan nan
K1v26 0.00472161 0.0109395 0.000863633 0.0140044 0.0020241 2.34371e-05 0.000156372 0.0211123 0.0239453 0.0653436 0.555792 0.0127428 0.999225 1.41772 0.08399 0.00243873 0.0722405 0.00844205 2.06123 0.0154106 0.183658 0.000480658 1.68031 0.00606291 0.0250543 0.0394907 0.00627081 3.11403 0.149234 0.00968362 0.136821 0.000186743 0.00488917 0.0153449 5.73929e-06 0.0657638 0.687233 4.89762e-05 4.5668 0.187127
K2v23 0.00471976 0.0109395 0.000863649 0.0139988 0.00202361 2.3431e-05 0.000156372 0.0211127 0.0239453 0.0653436 0.555793 0.0127379 0.999226 1.41771 0.08399 0.00243874 0.0722409 0.00844202 2.06123 0.0154209 0.183657 0.000480653 1.68031 0.00606284 0.0250637 0.0394907 0.00627487 3.11403 0.149232 0.00968342 0.136821 0.000186742 0.00488919 0.0153449 5.73777e-06 0.0657634 0.687232 4.89759e-05 4.56676 0.187127
K3v24 0.00471286 0.0109385 0.000863665 0.0139784 0.00202311 2.34247e-05 0.00015637 0.0211132 0.0239453 0.0653436 0.555772 0.0127192 0.99923 1.41777 0.08399 0.00243777 0.0722157 0.00844106 2.06126 0.0153126 0.183672 0.000480697 1.68031 0.00606326 0.025054 0.0395151 0.00628968 3.11403 0.149243 0.00968422 0.136798 0.000186742 0.00488922 0.0153545 5.73621e-06 0.0657556 0.687217 4.89757e-05 4.56685 0.187102
Keqv9 0.00471914 0.010941 0.00086359 0.0139968 0.00202546 2.34539e-05 0.000156376 0.0211109 0.0239453 0.0653436 0.555734 0.0127362 0.999205 1.41758 0.08399 0.00243993 0.0722842 0.0084435 2.06194 0.0153874 0.18366 0.00048061 1.68031 0.0060626 0.0250412 0.0394487 0.0062682 3.11403 0.149227 0.00968326 0.136848 0.000186745 0.00488911 0.0153284 5.74349e-06 0.0657761 0.687395 4.89767e-05 4.56671 0.187185
Kd1 nan nan nan nan nan nan nan nan nan nan nan nan nan nan nan nan nan nan nan nan nan nan nan nan nan nan nan nan nan nan nan nan nan nan nan nan nan nan nan nan
K5v24 0.00472153 0.0109395 0.000863634 0.0140042 0.00202409 2.34369e-05 0.000156372 0.0211123 0.0239453 0.0653436 0.555792 0.0127426 0.999225 1.41771 0.08399 0.00243875 0.0722408 0.00844206 2.06123 0.015408 0.183658 0.000480657 1.68031 0.00606291 0.0250544 0.0394913 0.00627312 3.11403 0.149234 0.00968368 0.136821 0.000186743 0.00488917 0.0153451 5.73925e-06 0.0657639 0.687233 4.89761e-05 4.5668 0.187127
K2PGv11 nan nan nan nan nan nan nan nan nan nan nan nan nan nan nan nan nan nan nan nan nan nan nan nan nan nan nan nan nan nan nan nan nan nan nan nan nan nan nan nan
K3v26 0.00471672 0.0109386 0.000863659 0.0139899 0.0020233 2.3427e-05 0.00015637 0.021113 0.0239453 0.0653436 0.555776 0.0127296 0.99923 1.41777 0.08399 0.00243794 0.0722196 0.00844117 2.06125 0.015386 0.18367 0.000480687 1.68031 0.00606316 0.0250564 0.0395122 0.0062573 3.11403 0.14924 0.00968404 0.136802 0.000186742 0.00488921 0.0153534 5.73679e-06 0.0657564 0.687219 4.89758e-05 4.56682 0.187106
K2v24 0.0047192 0.0109381 0.000863684 0.0139974 0.00202251 2.34173e-05 0.00015637 0.0211138 0.0239453 0.0653436 0.55577 0.0127363 0.99923 1.41779 0.08399 0.00243759 0.0722096 0.00844087 2.06124 0.0154202 0.183675 0.000480712 1.68031 0.00606347 0.0250751 0.0395233 0.00628298 3.11403 0.149248 0.00968488 0.136793 0.000186741 0.00488924 0.0153577 5.73436e-06 0.0657543 0.687209 4.89755e-05 4.5669 0.187095
Keqv8 0.00467767 0.0109659 0.000862485 0.0138732 0.00206011 2.38862e-05 0.000156549 0.0210774 0.0239452 0.0653435 0.554976 0.0126242 0.998769 1.4146 0.0839875 0.00247141 0.0733337 0.0084685 2.07364 0.0148807 0.183524 0.000478558 1.68031 0.00604706 0.0245824 0.0386039 0.00617633 3.11403 0.148848 0.00966211 0.137601 0.000186799 0.00488759 0.0149958 5.85103e-06 0.0659874 0.690349 4.89917e-05 4.56295 0.188468
Keqv4 nan nan nan nan nan nan nan nan nan nan nan nan nan nan nan nan nan nan nan nan nan nan nan nan nan nan nan nan nan nan nan nan nan nan nan nan nan nan nan nan
K2v26 0.00469763 0.0109373 0.000863711 0.0139329 0.00202167 2.34069e-05 0.000156366 0.0211146 0.0239453 0.0653436 0.555747 0.0126781 0.999239 1.41784 0.08399 0.00243661 0.0721866 0.00843982 2.06131 0.0151621 0.183689 0.000480736 1.68031 0.00606357 0.025052 0.0395428 0.00616167 3.11403 0.14925 0.00968453 0.136771 0.000186739 0.00488928 0.0153654 5.73176e-06 0.065745 0.687202 4.89751e-05 4.56702 0.187073
Vmaxv6 nan nan nan nan nan nan nan nan nan nan nan nan nan nan nan nan nan nan nan nan nan nan nan nan nan nan nan nan nan nan nan nan nan nan nan nan nan nan nan nan
KATPv3 nan nan nan nan nan nan nan nan nan nan nan nan nan nan nan nan nan nan nan nan nan nan nan nan nan nan nan nan nan nan nan nan nan nan nan nan nan nan nan nan
KPGA23v17 nan nan nan nan nan nan nan nan nan nan nan nan nan nan nan nan nan nan nan nan nan nan nan nan nan nan nan nan nan nan nan nan nan nan nan nan nan nan nan nan
K2PGv10 0.00472177 0.0109405 0.000863629 0.0140049 0.00202423 2.34387e-05 0.000156375 0.0211121 0.0239453 0.0653436 0.555795 0.0127433 0.999218 1.4177 0.08399 0.00243892 0.0722451 0.0084434 2.06123 0.0154102 0.183655 0.000480686 1.68031 0.00606347 0.0250538 0.0394852 0.00627217 3.11403 0.149248 0.0096854 0.136825 0.000186743 0.00488917 0.0153427 5.73969e-06 0.0657695 0.687237 4.89762e-05 4.56679 0.187132
K1v23 0.00468073 0.0109387 0.000863692 0.013882 0.00202226 2.34141e-05 0.000156369 0.021114 0.0239453 0.0653436 0.555776 0.0126325 0.999231 1.41776 0.08399 0.00243778 0.0722206 0.0084412 2.06125 0.0155686 0.183669 0.000480683 1.68031 0.00606309 0.0250261 0.0395095 0.00633207 3.11403 0.149238 0.00968371 0.136803 0.00018674 0.00488925 0.0153523 5.73357e-06 0.0657565 0.68722 4.89754e-05 4.56685 0.187107
Vmaxv7 0.00471958 0.0111872 0.000863824 0.013998 0.00201814 2.33626e-05 0.000156337 0.021118 0.0239453 0.0653437 0.555696 0.0127374 0.999309 1.4183 0.0839903 0.00243053 0.0720078 0.00858521 2.06076 0.0155621 0.183765 0.000476236 1.6803 0.00600539 0.0251123 0.0396799 0.00624368 3.11403 0.14782 0.00951056 0.136617 0.000186734 0.00488943 0.0154194 5.72082e-06 0.0667416 0.686957 4.89736e-05 4.56729 0.18688
K6v23 0.00472192 0.0109396 0.000863632 0.0140053 0.00202414 2.34376e-05 0.000156372 0.0211122 0.0239453 0.0653436 0.555793 0.0127437 0.999225 1.41771 0.08399 0.00243877 0.0722413 0.00844207 2.06123 0.0154123 0.183657 0.000480655 1.68031 0.00606287 0.0250543 0.0394896 0.00627176 3.11403 0.149233 0.0096835 0.136822 0.000186743 0.00488917 0.0153444 5.73941e-06 0.0657639 0.687233 4.89762e-05 4.5668 0.187128
KdATP nan nan nan nan nan nan nan nan nan nan nan nan nan nan nan nan nan nan nan nan nan nan nan nan nan nan nan nan nan nan nan nan nan nan nan nan nan nan nan nan
K3PGv7 0.00472201 0.0109477 0.000863635 0.0140055 0.00202405 2.34363e-05 0.000156369 0.0211123 0.0239453 0.0653436 0.555784 0.0127439 0.999225 1.41774 0.08399 0.00243833 0.0722294 0.00844663 2.06124 0.015415 0.183664 0.000480514 1.68031 0.00606097 0.0250544 0.0394961 0.00627018 3.11403 0.149186 0.00967745 0.136811 0.000186743 0.00488918 0.015347 5.73912e-06 0.0657945 0.687225 4.89761e-05 4.5668 0.187115
KiGraPv4 0.00475643 0.0119201 0.000862046 0.014108 0.00207392 2.40581e-05 0.000156582 0.021064 0.0239451 0.0653434 0.556014 0.0128369 0.998683 1.41435 0.0839875 0.00248365 0.0735495 0.00903776 2.06643 0.014426 0.183148 0.000505361 1.68031 0.00638613 0.0244401 0.0383662 0.00636625 3.11403 0.157182 0.00905367 0.137918 0.000186821 0.00488699 0.0149021 5.89395e-06 0.0699419 0.689236 4.89977e-05 4.56104 0.188553
K13P2Gv7 0.00471999 0.0111707 0.000863802 0.0139996 0.00201881 2.33711e-05 0.000156336 0.0211174 0.0239453 0.0653437 0.55558 0.0127385 0.999316 1.41818 0.0839904 0.00243105 0.0720383 0.00857606 2.06185 0.0155596 0.183789 0.000476586 1.6803 0.0060097 0.025107 0.0396687 0.00624762 3.11403 0.147926 0.00952399 0.136626 0.000186735 0.00488941 0.015415 5.7229e-06 0.0666804 0.687178 4.89739e-05 4.56712 0.186931
KMgv3 nan nan nan nan nan nan nan nan nan nan nan nan nan nan nan nan nan nan nan nan nan nan nan nan nan nan nan nan nan nan nan nan nan nan nan nan nan nan nan nan
K23P2Gv1 nan nan nan nan nan nan nan nan nan nan nan nan nan nan nan nan nan nan nan nan nan nan nan nan nan nan nan nan nan nan nan nan nan nan nan nan nan nan nan nan
