name Rul5P PEP P2f Rib5P P2NADP NADPf NADH P2NADPH P1NADPH NAD Mgf Xul5P Phi MgATP Pyr MgAMP AMPf Gri2P Gri23P2f Sed7P ATPf Gri13P2 Lac GraP GlcA6P Glc6P E4P GSH DHAP Fru16P2 MgADP GSSG NADPHf Fru6P P1NADP Gri3P MgGri23P2 P1f Glcin ADPf
kLDHv14 nan nan nan nan nan nan nan nan nan nan nan nan nan nan nan nan nan nan nan nan nan nan nan nan nan nan nan nan nan nan nan nan nan nan nan nan nan nan nan nan
Vmaxv4 nan nan nan nan nan nan nan nan nan nan nan nan nan nan nan nan nan nan nan nan nan nan nan nan nan nan nan nan nan nan nan nan nan nan nan nan nan nan nan nan
Vmaxv3 nan nan nan nan nan nan nan nan nan nan nan nan nan nan nan nan nan nan nan nan nan nan nan nan nan nan nan nan nan nan nan nan nan nan nan nan nan nan nan nan
Vmaxv28 0.0046997 0.0108197 0.000862886 0.0138093 0.00202005 2.34371e-05 0.000156347 0.0206665 0.0233719 0.0610738 0.246887 0.0125815 0.000777101 -0.59221 0.0769357 0.00243273 0.0670203 0.00837071 -2.18743 0.0151746 0.149928 0.00048043 -1.14311 0.0060262 0.0244265 0.0379308 0.00623244 -6.58313 0.126964 0.00958987 0.1181 0.000186708 0.00486527 0.0151093 5.73939e-06 0.0614385 0.214945 4.89738e-05 -16.2888 0.152109
Vmaxv27 0.00470073 0.0108172 0.000862899 0.0138124 0.00201966 2.34322e-05 0.000156345 0.0206669 0.0233719 0.0610738 0.246887 0.0125842 0.000992879 -0.59227 0.0769357 0.00243235 0.06701 0.00836897 -2.18714 0.015181 0.14993 0.000480376 -1.14312 0.00602675 0.0244313 0.037942 0.00623364 -6.58313 0.126974 0.00959128 0.118093 0.000186708 0.00486528 0.0151139 5.73818e-06 0.0614269 0.214955 4.89736e-05 -16.2891 0.1521
Vmaxv23 0.00377372 0.0108027 0.000863788 0.0110888 0.0019918 2.30847e-05 0.000156298 0.0206928 0.023372 0.0610739 0.246926 0.0101175 0.000642573 -0.59408 0.0769356 0.00241208 0.0666567 0.00835256 -2.18916 0.0194284 0.150085 0.000480965 -1.14312 0.00602989 0.0234556 0.0383198 0.00791313 -6.58314 0.127028 0.00959271 0.117813 0.000186664 0.0048665 0.0152705 5.65163e-06 0.0613009 0.215039 4.89615e-05 -16.3046 0.151842
Vmaxv22 nan nan nan nan nan nan nan nan nan nan nan nan nan nan nan nan nan nan nan nan nan nan nan nan nan nan nan nan nan nan nan nan nan nan nan nan nan nan nan nan
Vmaxv18 nan nan nan nan nan nan nan nan nan nan nan nan nan nan nan nan nan nan nan nan nan nan nan nan nan nan nan nan nan nan nan nan nan nan nan nan nan nan nan nan
Vmaxv16 0.00469963 0.0108199 0.000862886 0.0138091 0.00202006 2.34372e-05 0.000156347 0.0206665 0.0233719 0.0610738 0.246887 0.0125813 0.000774234 -0.592203 0.0769357 0.00243277 0.0670214 0.00837076 -2.18745 0.0151745 0.149928 0.000480426 -1.14312 0.00602613 0.0244263 0.0379303 0.00623236 -6.58313 0.126963 0.00958971 0.118101 0.000186708 0.00486527 0.0151091 5.73943e-06 0.0614387 0.214944 4.89738e-05 -16.2888 0.15211
Vmaxv11 nan nan nan nan nan nan nan nan nan nan nan nan nan nan nan nan nan nan nan nan nan nan nan nan nan nan nan nan nan nan nan nan nan nan nan nan nan nan nan nan
Vmaxv2 nan nan nan nan nan nan nan nan nan nan nan nan nan nan nan nan nan nan nan nan nan nan nan nan nan nan nan nan nan nan nan nan nan nan nan nan nan nan nan nan
Vmaxv0 0.00470345 0.0108167 0.000862966 0.0138203 0.00201754 2.34057e-05 0.000156352 0.0206688 0.0233719 0.0610738 0.246892 0.0125914 0.000784311 -0.592402 0.0769357 0.0024311 0.0669824 0.00836957 -2.1877 0.0152147 0.149945 0.000480579 -1.14312 0.00602831 0.024461 0.0379969 0.00624029 -6.58313 0.127001 0.00959682 0.118069 0.000186704 0.00486538 0.0151364 5.73159e-06 0.0614338 0.214953 4.89727e-05 -19.7781 0.152082
Vmax2v1 nan nan nan nan nan nan nan nan nan nan nan nan nan nan nan nan nan nan nan nan nan nan nan nan nan nan nan nan nan nan nan nan nan nan nan nan nan nan nan nan
Vmax1v1 nan nan nan nan nan nan nan nan nan nan nan nan nan nan nan nan nan nan nan nan nan nan nan nan nan nan nan nan nan nan nan nan nan nan nan nan nan nan nan nan
KiiGraPv4 0.00469956 0.0108208 0.000862888 0.013809 0.00202 2.34364e-05 0.000156347 0.0206665 0.0233719 0.0610738 0.246887 0.0125811 0.000774493 -0.592189 0.0769357 0.00243289 0.0670243 0.00837111 -2.18742 0.0151758 0.149926 0.000480424 -1.14312 0.00602611 0.0244274 0.0379302 0.00623268 -6.58313 0.126963 0.00958796 0.118103 0.000186708 0.00486527 0.015109 5.73922e-06 0.0614402 0.214944 4.89737e-05 -16.2889 0.152112
Keqv6 nan nan nan nan nan nan nan nan nan nan nan nan nan nan nan nan nan nan nan nan nan nan nan nan nan nan nan nan nan nan nan nan nan nan nan nan nan nan nan nan
Keqv5 nan nan nan nan nan nan nan nan nan nan nan nan nan nan nan nan nan nan nan nan nan nan nan nan nan nan nan nan nan nan nan nan nan nan nan nan nan nan nan nan
Keqv28 nan nan nan nan nan nan nan nan nan nan nan nan nan nan nan nan nan nan nan nan nan nan nan nan nan nan nan nan nan nan nan nan nan nan nan nan nan nan nan nan
Keqv25 0.00469962 0.0108199 0.000862886 0.0138091 0.00202005 2.3437e-05 0.000156347 0.0206665 0.0233719 0.0610738 0.246887 0.0125813 0.000774383 -0.592198 0.0769357 0.00243282 0.0670225 0.00837081 -2.18745 0.0151748 0.149927 0.000480424 -1.14312 0.00602611 0.0244265 0.0379301 0.00623242 -6.58313 0.126963 0.00958973 0.118102 0.000186708 0.00486527 0.015109 5.73938e-06 0.061439 0.214944 4.89738e-05 -16.2888 0.152111
Keqv23 nan nan nan nan nan nan nan nan nan nan nan nan nan nan nan nan nan nan nan nan nan nan nan nan nan nan nan nan nan nan nan nan nan nan nan nan nan nan nan nan
Keqv21 0.0241294 0.0115277 0.00082767 0.0680569 0.00311223 3.77257e-05 0.000157414 0.0196477 0.023368 0.0610729 0.245192 2.00359e-06 0.00363867 -0.521511 0.0769356 0.00316981 0.0814253 0.00895944 -2.12618 0.0356214 0.143929 0.000452021 -1.14318 0.00573385 0.031843 0.0248087 0.0247342 -6.58312 0.121834 0.00898662 0.12884 0.000188479 0.00481667 0.00971291 9.31975e-06 0.0655774 0.21111 4.94619e-05 -15.7536 0.161677
Keqv19 0.00469964 0.0108199 0.000862886 0.0138092 0.00202006 2.34372e-05 0.000156347 0.0206665 0.0233719 0.0610738 0.246887 0.0125813 0.000774387 -0.592198 0.0769357 0.00243282 0.0670225 0.00837081 -2.18745 0.0151747 0.149927 0.000480424 -1.14312 0.00602611 0.0244265 0.0379301 0.0062324 -6.58314 0.126963 0.00958973 0.118102 0.000185836 0.00486527 0.015109 5.73941e-06 0.061439 0.214944 4.89738e-05 -16.2888 0.152111
Keqv18 nan nan nan nan nan nan nan nan nan nan nan nan nan nan nan nan nan nan nan nan nan nan nan nan nan nan nan nan nan nan nan nan nan nan nan nan nan nan nan nan
Keqv17 nan nan nan nan nan nan nan nan nan nan nan nan nan nan nan nan nan nan nan nan nan nan nan nan nan nan nan nan nan nan nan nan nan nan nan nan nan nan nan nan
Keqv16 nan nan nan nan nan nan nan nan nan nan nan nan nan nan nan nan nan nan nan nan nan nan nan nan nan nan nan nan nan nan nan nan nan nan nan nan nan nan nan nan
Keqv14 0.0046995 0.0108199 0.000862901 0.0138088 0.0020196 2.34314e-05 0.000156347 0.0206669 0.0233719 0.0610738 0.246887 0.012581 0.00077438 -0.592198 0.0769357 0.00243282 0.0670225 0.0083708 -2.18745 0.015175 0.149927 0.000480424 -1.14312 0.00602611 0.0244268 0.0379303 0.00623254 -6.58313 0.126963 0.00958974 0.118102 0.000186708 0.00486529 0.015109 5.73798e-06 0.061439 0.214944 4.89736e-05 -16.2888 0.152111
Keqv13 nan nan nan nan nan nan nan nan nan nan nan nan nan nan nan nan nan nan nan nan nan nan nan nan nan nan nan nan nan nan nan nan nan nan nan nan nan nan nan nan
Keqv12 0.00471513 0.0107887 0.000862974 0.0138552 0.00201732 2.34028e-05 0.000156315 0.020669 0.0233719 0.0610739 0.246971 0.0126225 0.000688134 -0.592652 0.0769358 0.00242366 0.066869 0.00834803 -2.20337 0.015279 0.150105 0.000480093 -1.14312 0.0060201 0.0244602 0.0381079 0.00623749 -6.58313 0.126857 0.00956788 0.11792 0.000186704 0.00486539 0.0151827 5.73089e-06 0.0612858 0.214657 4.89726e-05 -16.2875 0.152054
KX5Pv21 0.0046996 0.0108199 0.000862886 0.0138091 0.00202005 2.3437e-05 0.000156347 0.0206665 0.0233719 0.0610738 0.246887 0.0125813 0.000774386 -0.592198 0.0769357 0.00243282 0.0670225 0.00837081 -2.18745 0.0151748 0.149927 0.000480424 -1.14312 0.00602611 0.0244265 0.0379302 0.00623241 -6.58313 0.126963 0.00958973 0.118102 0.000186708 0.00486527 0.015109 5.73938e-06 0.061439 0.214944 4.89738e-05 -16.2888 0.152111
K6v26 0.00469976 0.0108199 0.000862886 0.0138095 0.00202006 2.34372e-05 0.000156347 0.0206665 0.0233719 0.0610738 0.246887 0.0125817 0.000774189 -0.592197 0.0769357 0.00243282 0.0670226 0.00837081 -2.18745 0.0151753 0.149927 0.000480423 -1.14312 0.00602609 0.0244265 0.0379296 0.00623284 -6.58313 0.126962 0.00958964 0.118102 0.000186708 0.00486527 0.0151087 5.73943e-06 0.061439 0.214944 4.89738e-05 -16.2888 0.152111
KdAMP nan nan nan nan nan nan nan nan nan nan nan nan nan nan nan nan nan nan nan nan nan nan nan nan nan nan nan nan nan nan nan nan nan nan nan nan nan nan nan nan
KdADP nan nan nan nan nan nan nan nan nan nan nan nan nan nan nan nan nan nan nan nan nan nan nan nan nan nan nan nan nan nan nan nan nan nan nan nan nan nan nan nan
KFru16P2v12 nan nan nan nan nan nan nan nan nan nan nan nan nan nan nan nan nan nan nan nan nan nan nan nan nan nan nan nan nan nan nan nan nan nan nan nan nan nan nan nan
KRu5Pv21 0.0046994 0.0108199 0.000862886 0.0138087 0.00202004 2.3437e-05 0.000156347 0.0206665 0.0233719 0.0610738 0.246887 0.0125819 0.000774374 -0.592198 0.0769357 0.00243282 0.0670225 0.00837081 -2.18745 0.0151748 0.149927 0.000480424 -1.14312 0.00602611 0.0244265 0.0379302 0.00623236 -6.58313 0.126963 0.00958973 0.118102 0.000186708 0.00486527 0.015109 5.73937e-06 0.061439 0.214944 4.89738e-05 -16.2888 0.152111
Keqv29 nan nan nan nan nan nan nan nan nan nan nan nan nan nan nan nan nan nan nan nan nan nan nan nan nan nan nan nan nan nan nan nan nan nan nan nan nan nan nan nan
Kd3 nan nan nan nan nan nan nan nan nan nan nan nan nan nan nan nan nan nan nan nan nan nan nan nan nan nan nan nan nan nan nan nan nan nan nan nan nan nan nan nan
Keqv26 0.00469962 0.0108199 0.000862886 0.0138091 0.00202005 2.3437e-05 0.000156347 0.0206665 0.0233719 0.0610738 0.246887 0.0125813 0.000774386 -0.592198 0.0769357 0.00243282 0.0670225 0.00837081 -2.18745 0.0151748 0.149927 0.000480424 -1.14312 0.00602611 0.0244265 0.0379301 0.00623242 -6.58313 0.126963 0.00958973 0.118102 0.000186708 0.00486527 0.015109 5.73938e-06 0.061439 0.214944 4.89738e-05 -16.2888 0.152111
KR5Pv25 0.00515424 0.0107317 0.000865429 0.0152001 0.00194041 2.24447e-05 0.000156092 0.0207406 0.0233722 0.0610741 0.247088 0.013786 8.67208e-05 -0.601811 0.0769355 0.00232733 0.0651609 0.00827651 -2.1969 0.0156357 0.150739 0.000483129 -1.14311 0.00604436 0.0262195 0.0399491 0.00606577 -6.58314 0.127276 0.00960144 0.116623 0.000186584 0.00486874 0.0159471 5.4926e-06 0.0607234 0.215413 4.89393e-05 -16.3862 0.150729
KR5Pv22 0.00469961 0.0108199 0.000862886 0.0138092 0.00202005 2.3437e-05 0.000156347 0.0206665 0.0233719 0.0610738 0.246887 0.0125812 0.000774367 -0.592198 0.0769357 0.00243282 0.0670225 0.0083708 -2.18745 0.0151748 0.149927 0.000480424 -1.14312 0.00602611 0.0244266 0.0379301 0.00623242 -6.58313 0.126963 0.00958973 0.118102 0.000186708 0.00486527 0.015109 5.73938e-06 0.061439 0.214944 4.89738e-05 -16.2888 0.152111
KPGA23v18 nan nan nan nan nan nan nan nan nan nan nan nan nan nan nan nan nan nan nan nan nan nan nan nan nan nan nan nan nan nan nan nan nan nan nan nan nan nan nan nan
Vmaxv9 nan nan nan nan nan nan nan nan nan nan nan nan nan nan nan nan nan nan nan nan nan nan nan nan nan nan nan nan nan nan nan nan nan nan nan nan nan nan nan nan
KPv6 0.00470814 0.0108964 0.000862985 0.013835 0.00201695 2.33983e-05 0.000156353 0.0206694 0.0233719 0.0610738 0.246892 0.0126039 0.000779378 -0.592728 0.0769352 0.00242883 0.0669243 0.00841339 -2.18666 0.0152597 0.14996 0.000482927 -1.14312 0.00600544 0.024453 0.0380478 0.00622372 -6.58313 0.126602 0.00952933 0.118029 0.000186703 0.0048654 0.0151577 5.72974e-06 0.0616901 0.214996 4.89724e-05 -16.29 0.152034
KPEPv12 nan nan nan nan nan nan nan nan nan nan nan nan nan nan nan nan nan nan nan nan nan nan nan nan nan nan nan nan nan nan nan nan nan nan nan nan nan nan nan nan
KNADPv19 0.00469965 0.0108199 0.000862886 0.0138092 0.00202007 2.34372e-05 0.000156347 0.0206665 0.0233719 0.0610738 0.246887 0.0125814 0.000774394 -0.592198 0.0769357 0.00243282 0.0670225 0.00837081 -2.18745 0.0151747 0.149927 0.000480424 -1.14312 0.00602611 0.0244265 0.0379301 0.00623239 -6.58314 0.126963 0.00958973 0.118102 0.000186297 0.00486527 0.015109 5.73944e-06 0.061439 0.214944 4.89738e-05 -16.2888 0.152111
Vmaxv24 0.00468227 0.010818 0.000862956 0.0137584 0.00201786 2.34097e-05 0.000156343 0.0206685 0.0233719 0.0610738 0.246891 0.0125352 0.000761911 -0.592396 0.0769357 0.00243107 0.066984 0.00836888 -2.1876 0.0149839 0.149944 0.000480483 -1.14312 0.00602657 0.0244315 0.0379722 0.00626503 -6.58313 0.126971 0.00959034 0.118071 0.000186705 0.00486536 0.0151264 5.73258e-06 0.0614247 0.214954 4.89728e-05 -16.2902 0.152082
KNADPv18 nan nan nan nan nan nan nan nan nan nan nan nan nan nan nan nan nan nan nan nan nan nan nan nan nan nan nan nan nan nan nan nan nan nan nan nan nan nan nan nan
Vmaxv25 nan nan nan nan nan nan nan nan nan nan nan nan nan nan nan nan nan nan nan nan nan nan nan nan nan nan nan nan nan nan nan nan nan nan nan nan nan nan nan nan
Vmaxv19 0.00470353 0.0108199 0.00086286 0.0138206 0.00202087 2.34472e-05 0.000156348 0.0206657 0.0233719 0.0610738 0.246887 0.0125917 0.000775133 -0.592194 0.0769357 0.00243287 0.0670233 0.00837088 -2.18745 0.0151619 0.149927 0.000480426 -1.14312 0.00602615 0.0244156 0.0379292 0.00622705 -6.58503 0.126963 0.00958985 0.118102 5.2475e-06 0.00486523 0.0151086 5.74193e-06 0.0614396 0.214943 4.89741e-05 -16.2888 0.152111
KNADPv17 nan nan nan nan nan nan nan nan nan nan nan nan nan nan nan nan nan nan nan nan nan nan nan nan nan nan nan nan nan nan nan nan nan nan nan nan nan nan nan nan
KNADPHv17 nan nan nan nan nan nan nan nan nan nan nan nan nan nan nan nan nan nan nan nan nan nan nan nan nan nan nan nan nan nan nan nan nan nan nan nan nan nan nan nan
K13P2Gv6 0.00469962 0.0108218 0.000862887 0.0138091 0.00202002 2.34367e-05 0.000156347 0.0206665 0.0233719 0.0610738 0.246887 0.0125813 0.000775129 -0.592204 0.0769357 0.00243276 0.0670212 0.00837188 -2.18746 0.0151755 0.149928 0.000480482 -1.14312 0.00602562 0.0244267 0.0379312 0.00623206 -6.58313 0.126954 0.00958825 0.118101 0.000186708 0.00486527 0.0151094 5.73931e-06 0.0614454 0.214944 4.89738e-05 -16.2888 0.15211
KNADHv6 0.00469962 0.0108202 0.000862886 0.0138091 0.00202004 2.3437e-05 0.000156347 0.0206665 0.0233719 0.0610738 0.246887 0.0125813 0.000774594 -0.592199 0.0769357 0.00243281 0.0670223 0.00837097 -2.18745 0.0151749 0.149927 0.000480434 -1.14312 0.00602604 0.0244266 0.0379303 0.00623237 -6.58313 0.126961 0.00958951 0.118101 0.000186708 0.00486527 0.0151091 5.73937e-06 0.06144 0.214944 4.89738e-05 -16.2888 0.152111
KGSSGv19 nan nan nan nan nan nan nan nan nan nan nan nan nan nan nan nan nan nan nan nan nan nan nan nan nan nan nan nan nan nan nan nan nan nan nan nan nan nan nan nan
KMoutv0 0.00470061 0.0108191 0.000862904 0.013812 0.00201949 2.34301e-05 0.000156349 0.020667 0.0233719 0.0610738 0.246888 0.0125839 0.000777859 -0.592245 0.0769357 0.00243242 0.0670132 0.00837056 -2.1875 0.0151843 0.149931 0.000480465 -1.14312 0.00602671 0.0244335 0.0379468 0.00623429 -6.58313 0.126973 0.0095917 0.118094 0.000186707 0.00486529 0.0151158 5.73766e-06 0.0614383 0.214946 4.89735e-05 -17.1906 0.152104
KDHAPv4 nan nan nan nan nan nan nan nan nan nan nan nan nan nan nan nan nan nan nan nan nan nan nan nan nan nan nan nan nan nan nan nan nan nan nan nan nan nan nan nan
KMinv0 0.00470048 0.0108192 0.000862898 0.0138116 0.00201967 2.34322e-05 0.000156349 0.0206669 0.0233719 0.0610738 0.246888 0.0125836 0.000777998 -0.592236 0.0769357 0.00243251 0.0670152 0.00837065 -2.18747 0.0151824 0.14993 0.000480459 -1.14312 0.00602664 0.0244304 0.037944 0.00623391 -6.58313 0.126972 0.00959151 0.118096 0.000186708 0.00486528 0.0151147 5.73819e-06 0.0614388 0.214946 4.89736e-05 -17.1176 0.152105
KATPv18 nan nan nan nan nan nan nan nan nan nan nan nan nan nan nan nan nan nan nan nan nan nan nan nan nan nan nan nan nan nan nan nan nan nan nan nan nan nan nan nan
KMgv1 nan nan nan nan nan nan nan nan nan nan nan nan nan nan nan nan nan nan nan nan nan nan nan nan nan nan nan nan nan nan nan nan nan nan nan nan nan nan nan nan
Vmaxv13 0.00470318 0.0116012 0.000864101 0.0138252 0.00198192 2.29625e-05 0.000143924 0.020702 0.023372 0.0610846 0.246911 0.0125904 0.000870828 -0.595428 0.0769324 0.00240879 0.0664321 0.00881731 -2.18128 0.0159232 0.150116 0.000505074 -1.14312 0.00583388 0.0249712 0.0386894 0.00618844 -6.58314 0.123587 0.00904022 0.117673 0.000186648 0.00486692 0.0154232 5.621e-06 0.0641009 0.215292 4.89573e-05 -16.3172 0.151638
KADPv16 0.00469963 0.0108199 0.000862886 0.0138091 0.00202005 2.3437e-05 0.000156347 0.0206665 0.0233719 0.0610738 0.246887 0.0125813 0.00077433 -0.592197 0.0769357 0.00243281 0.0670223 0.00837081 -2.18745 0.0151748 0.149927 0.000480423 -1.14312 0.0060261 0.0244266 0.0379302 0.00623242 -6.58313 0.126962 0.00958969 0.118102 0.000186708 0.00486527 0.015109 5.73938e-06 0.061439 0.214944 4.89738e-05 -16.2888 0.152111
Kd4 nan nan nan nan nan nan nan nan nan nan nan nan nan nan nan nan nan nan nan nan nan nan nan nan nan nan nan nan nan nan nan nan nan nan nan nan nan nan nan nan
K23P2Gv8 nan nan nan nan nan nan nan nan nan nan nan nan nan nan nan nan nan nan nan nan nan nan nan nan nan nan nan nan nan nan nan nan nan nan nan nan nan nan nan nan
KMgATPv1 nan nan nan nan nan nan nan nan nan nan nan nan nan nan nan nan nan nan nan nan nan nan nan nan nan nan nan nan nan nan nan nan nan nan nan nan nan nan nan nan
KMgATPMgv1 nan nan nan nan nan nan nan nan nan nan nan nan nan nan nan nan nan nan nan nan nan nan nan nan nan nan nan nan nan nan nan nan nan nan nan nan nan nan nan nan
Keqv27 nan nan nan nan nan nan nan nan nan nan nan nan nan nan nan nan nan nan nan nan nan nan nan nan nan nan nan nan nan nan nan nan nan nan nan nan nan nan nan nan
KMgADPv7 nan nan nan nan nan nan nan nan nan nan nan nan nan nan nan nan nan nan nan nan nan nan nan nan nan nan nan nan nan nan nan nan nan nan nan nan nan nan nan nan
KMg23P2Gv1 nan nan nan nan nan nan nan nan nan nan nan nan nan nan nan nan nan nan nan nan nan nan nan nan nan nan nan nan nan nan nan nan nan nan nan nan nan nan nan nan
Vmaxv12 nan nan nan nan nan nan nan nan nan nan nan nan nan nan nan nan nan nan nan nan nan nan nan nan nan nan nan nan nan nan nan nan nan nan nan nan nan nan nan nan
KMGlcv1 nan nan nan nan nan nan nan nan nan nan nan nan nan nan nan nan nan nan nan nan nan nan nan nan nan nan nan nan nan nan nan nan nan nan nan nan nan nan nan nan
Vmaxv21 0.0046994 0.0108197 0.000862897 0.0138086 0.0020197 2.34327e-05 0.000156347 0.0206668 0.0233719 0.0610738 0.246887 0.012581 0.000774415 -0.592217 0.0769357 0.00243266 0.0670189 0.00837068 -2.18744 0.0151813 0.149929 0.000480435 -1.14312 0.00602625 0.0244326 0.037935 0.00623415 -6.58313 0.126965 0.00959012 0.118099 0.000186708 0.00486528 0.015111 5.73831e-06 0.0614382 0.214945 4.89736e-05 -16.2887 0.152108
KGraPv6 0.00470065 0.0108657 0.000862907 0.0138121 0.00201941 2.34291e-05 0.000156346 0.0206671 0.0233719 0.0610738 0.246892 0.012584 0.000770515 -0.592343 0.0769355 0.00243147 0.0669929 0.00839637 -2.18788 0.0151982 0.149942 0.000481796 -1.14312 0.00601349 0.0244276 0.0379631 0.00622345 -6.58313 0.126742 0.00955269 0.118078 0.000186707 0.00486529 0.0151226 5.73741e-06 0.0615898 0.214945 4.89735e-05 -16.2888 0.15209
Keqv3 0.00469962 0.0108199 0.000862886 0.0138091 0.00202005 2.3437e-05 0.000156347 0.0206665 0.0233719 0.0610738 0.246887 0.0125813 0.000774387 -0.592198 0.0769357 0.00243282 0.0670225 0.00837081 -2.18745 0.0151748 0.149927 0.000480424 -1.14312 0.00602611 0.0244265 0.0379301 0.00623242 -6.58313 0.126963 0.00958973 0.118102 0.000186708 0.00486527 0.015109 5.73938e-06 0.061439 0.214944 4.89738e-05 -16.2888 0.152111
KAMPv3 nan nan nan nan nan nan nan nan nan nan nan nan nan nan nan nan nan nan nan nan nan nan nan nan nan nan nan nan nan nan nan nan nan nan nan nan nan nan nan nan
KGlc6Pv2 nan nan nan nan nan nan nan nan nan nan nan nan nan nan nan nan nan nan nan nan nan nan nan nan nan nan nan nan nan nan nan nan nan nan nan nan nan nan nan nan
KGlc6Pv1 nan nan nan nan nan nan nan nan nan nan nan nan nan nan nan nan nan nan nan nan nan nan nan nan nan nan nan nan nan nan nan nan nan nan nan nan nan nan nan nan
KGSHv19 nan nan nan nan nan nan nan nan nan nan nan nan nan nan nan nan nan nan nan nan nan nan nan nan nan nan nan nan nan nan nan nan nan nan nan nan nan nan nan nan
kATPasev15 0.00469962 0.0108199 0.000862886 0.0138091 0.00202005 2.3437e-05 0.000156347 0.0206665 0.0233719 0.0610738 0.246887 0.0125813 0.000774389 -0.592198 0.0769357 0.00243282 0.0670225 0.00837081 -2.18745 0.0151748 0.149927 0.000480424 -1.14312 0.00602611 0.0244265 0.0379301 0.00623242 -6.58313 0.126963 0.00958973 0.118102 0.000186708 0.00486527 0.015109 5.73938e-06 0.061439 0.214944 4.89738e-05 -16.2888 0.152111
Kv20 nan nan nan nan nan nan nan nan nan nan nan nan nan nan nan nan nan nan nan nan nan nan nan nan nan nan nan nan nan nan nan nan nan nan nan nan nan nan nan nan
Keqv2 0.00174369 0.0150951 0.000909836 0.00512514 0.000536437 5.88678e-06 0.000144208 0.022044 0.0233766 0.0610844 0.192316 0.00468935 -0.0202597 0.0427377 0.0769671 0.0154831 0.228734 0.00926318 -1.45364 4.21015e-05 0.084297 0.00015004 -1.14245 0.00168986 0.056026 0.156319 2.31846e-05 -6.58316 0.0398726 0.00061929 0.204818 0.000184484 0.0049286 1.53873e-06 1.42496e-06 0.0614053 0.159161 4.83514e-05 -18.5142 0.207755
KFru6Pv2 0.00470003 0.0108196 0.000862879 0.0138102 0.00202026 2.34397e-05 0.000156349 0.0206663 0.0233719 0.0610738 0.246887 0.0125824 0.000777646 -0.592201 0.0769357 0.00243279 0.0670219 0.00837086 -2.18745 0.015177 0.149928 0.000480439 -1.14312 0.00602639 0.0244259 0.037921 0.00623278 -6.58313 0.126967 0.00959084 0.118101 0.000186709 0.00486526 0.0151113 5.74004e-06 0.0614402 0.214944 4.89739e-05 -16.2888 0.15211
KFru16P2v4 nan nan nan nan nan nan nan nan nan nan nan nan nan nan nan nan nan nan nan nan nan nan nan nan nan nan nan nan nan nan nan nan nan nan nan nan nan nan nan nan
Keqv11 nan nan nan nan nan nan nan nan nan nan nan nan nan nan nan nan nan nan nan nan nan nan nan nan nan nan nan nan nan nan nan nan nan nan nan nan nan nan nan nan
KDHAPv5 0.00470049 0.0108272 0.000862892 0.0138117 0.00201985 2.34346e-05 0.000156347 0.0206667 0.0233719 0.0610738 0.246888 0.0125836 0.000775716 -0.592231 0.0769357 0.00243251 0.0670156 0.00837499 -2.18757 0.0151766 0.149931 0.000480663 -1.14312 0.00602909 0.02443 0.0379362 0.00623529 -6.58313 0.126861 0.00958439 0.118096 0.000186708 0.00486528 0.0151115 5.73878e-06 0.0614641 0.214943 4.89737e-05 -16.289 0.152106
Vmaxv26 0.00467135 0.0108179 0.00086296 0.0137264 0.00201773 2.34081e-05 0.000156343 0.0206687 0.0233719 0.0610738 0.246892 0.0125062 0.000764055 -0.592394 0.0769357 0.002431 0.066984 0.00836899 -2.1877 0.0148525 0.149944 0.000480495 -1.14312 0.00602675 0.0244176 0.0379726 0.00609156 -6.58313 0.126974 0.00959089 0.118071 0.000186705 0.00486537 0.0151266 5.73217e-06 0.0614258 0.214952 4.89728e-05 -16.2909 0.152083
K4v24 0.0046991 0.0108197 0.00086289 0.0138077 0.00201993 2.34355e-05 0.000156348 0.0206666 0.0233719 0.0610738 0.246888 0.0125799 0.000776334 -0.592217 0.0769357 0.00243266 0.0670187 0.00837077 -2.18745 0.015175 0.149929 0.000480444 -1.14312 0.00602639 0.0244268 0.0379349 0.00623497 -6.58313 0.126967 0.00959053 0.118099 0.000186708 0.00486527 0.015111 5.739e-06 0.0614392 0.214945 4.89737e-05 -16.2887 0.152108
KMgATPv3 0.00469655 0.0107758 0.000862404 0.0137995 0.00203514 2.36256e-05 0.000156411 0.0206524 0.0233719 0.0610738 0.246928 0.0125732 0.000891474 -0.595192 0.0769355 0.00240939 0.0664585 0.00835292 -2.18556 0.0149331 0.150137 0.000482451 -1.14312 0.00605476 0.0242139 0.037639 0.00621233 -6.58313 0.127463 0.00968265 0.117671 0.000186732 0.00486461 0.0149881 5.78636e-06 0.0613574 0.215187 4.89803e-05 -16.2746 0.151681
KGraPv5 0.00469963 0.01082 0.000862886 0.0138092 0.00202005 2.3437e-05 0.000156347 0.0206665 0.0233719 0.0610738 0.246887 0.0125813 0.000774413 -0.592199 0.0769357 0.00243281 0.0670223 0.00837084 -2.18745 0.0151748 0.149927 0.000480427 -1.14312 0.00602615 0.0244266 0.0379303 0.00623245 -6.58313 0.126962 0.00958969 0.118101 0.000186708 0.00486527 0.015109 5.73938e-06 0.0614392 0.214944 4.89738e-05 -16.2888 0.152111
KATPv16 0.00469962 0.0108199 0.000862886 0.0138091 0.00202005 2.3437e-05 0.000156347 0.0206665 0.0233719 0.0610738 0.246887 0.0125813 0.000774373 -0.592198 0.0769357 0.00243281 0.0670223 0.00837081 -2.18745 0.0151748 0.149927 0.000480424 -1.14312 0.00602611 0.0244265 0.0379302 0.00623242 -6.58313 0.126963 0.00958971 0.118102 0.000186708 0.00486527 0.015109 5.73938e-06 0.061439 0.214944 4.89738e-05 -16.2888 0.152111
KATPv12 nan nan nan nan nan nan nan nan nan nan nan nan nan nan nan nan nan nan nan nan nan nan nan nan nan nan nan nan nan nan nan nan nan nan nan nan nan nan nan nan
Vmaxv29 0.00469962 0.0108206 0.000862885 0.0138091 0.0020201 2.34377e-05 0.000156334 0.0206664 0.0233719 0.0610738 0.246887 0.0125813 0.000775518 -0.592201 0.0769416 0.00243279 0.0670218 0.00837123 -2.18745 0.0151749 0.149928 0.000480449 -1.14312 0.00602594 0.0244265 0.0379304 0.00623228 -6.58313 0.12696 0.0095892 0.118101 0.000186708 0.00486526 0.0151091 5.73954e-06 0.0614416 0.214944 4.89738e-05 -16.2888 0.15211
KNADv6 0.00469754 0.0108661 0.000862875 0.013803 0.00202039 2.34412e-05 0.000156351 0.0206662 0.0233719 0.0610738 0.246892 0.0125757 0.000786092 -0.592154 0.0769355 0.00243278 0.0670265 0.00839767 -2.18852 0.0151799 0.149934 0.000481749 -1.14312 0.006014 0.024418 0.0379285 0.00622234 -6.58313 0.126751 0.00955485 0.118101 0.000186709 0.00486525 0.0151083 5.74043e-06 0.0616012 0.214919 4.89739e-05 -16.2884 0.152118
kDPGMv8 nan nan nan nan nan nan nan nan nan nan nan nan nan nan nan nan nan nan nan nan nan nan nan nan nan nan nan nan nan nan nan nan nan nan nan nan nan nan nan nan
Vmaxv5 0.00470203 0.0108279 0.000862901 0.013816 0.00201959 2.34313e-05 0.000156342 0.0206669 0.0233719 0.0610738 0.24689 0.0125877 0.000759705 -0.592368 0.0769356 0.00243141 0.0669895 0.00837436 -2.18752 0.0151858 0.149941 0.000480717 -1.14312 0.00602942 0.0244277 0.0379584 0.00623623 -6.58313 0.126834 0.00958146 0.118076 0.000186708 0.00486529 0.0151207 5.73797e-06 0.0614568 0.214954 4.89736e-05 -16.2889 0.152086
KAMPv16 0.00469964 0.0108199 0.000862886 0.0138092 0.00202004 2.34369e-05 0.000156347 0.0206665 0.0233719 0.0610738 0.246887 0.0125813 0.000774163 -0.592196 0.0769357 0.0024328 0.0670221 0.00837082 -2.18745 0.015175 0.149927 0.000480422 -1.14312 0.00602608 0.0244266 0.0379304 0.00623241 -6.58313 0.126962 0.00958962 0.118102 0.000186708 0.00486527 0.0151091 5.73936e-06 0.0614391 0.214944 4.89738e-05 -16.2888 0.152111
KNADPHv19 0.00470098 0.0108199 0.000862875 0.0138131 0.0020204 2.34414e-05 0.000156347 0.0206662 0.0233719 0.0610738 0.246887 0.0125849 0.000774394 -0.592195 0.0769357 0.00243285 0.067023 0.00837083 -2.18745 0.0151694 0.149927 0.000480423 -1.14312 0.0060261 0.0244221 0.0379293 0.0062303 -6.58438 0.126962 0.00958968 0.118102 6.77504e-05 0.00486525 0.0151087 5.74048e-06 0.0614391 0.214943 4.89739e-05 -16.2888 0.152111
KRu5Pv22 0.00469412 0.0108202 0.000862893 0.0138371 0.00201982 2.34343e-05 0.000156346 0.0206667 0.0233719 0.0610738 0.246887 0.0125667 0.000772775 -0.592191 0.0769357 0.00243292 0.0670237 0.0083708 -2.18744 0.0151802 0.149927 0.000480413 -1.14312 0.00602591 0.0244257 0.0379239 0.00623678 -6.58313 0.126959 0.00958886 0.118103 0.000186708 0.00486528 0.0151064 5.73867e-06 0.0614385 0.214943 4.89737e-05 -16.2888 0.152112
KG6Pv17 nan nan nan nan nan nan nan nan nan nan nan nan nan nan nan nan nan nan nan nan nan nan nan nan nan nan nan nan nan nan nan nan nan nan nan nan nan nan nan nan
K7v24 0.00469787 0.0108197 0.000862893 0.0138041 0.00201983 2.34343e-05 0.000156347 0.0206667 0.0233719 0.0610738 0.246888 0.0125766 0.000774189 -0.592216 0.0769357 0.00243266 0.067019 0.00837066 -2.18746 0.0151559 0.149929 0.000480434 -1.14312 0.00602623 0.024427 0.0379349 0.0062363 -6.58313 0.126965 0.00959006 0.118099 0.000186708 0.00486528 0.015111 5.73869e-06 0.0614381 0.214945 4.89737e-05 -16.289 0.152108
K7v23 0.00471223 0.0108202 0.000862872 0.013846 0.0020205 2.34427e-05 0.000156348 0.0206661 0.0233719 0.0610738 0.246887 0.0126148 0.000777005 -0.592171 0.0769357 0.00243311 0.0670278 0.00837113 -2.18742 0.0151283 0.149925 0.000480421 -1.14312 0.00602612 0.0244391 0.0379237 0.00621434 -6.58313 0.126963 0.00958982 0.118106 0.000186709 0.00486525 0.0151063 5.74079e-06 0.0614415 0.214942 4.8974e-05 -16.2886 0.152115
Vmaxv10 nan nan nan nan nan nan nan nan nan nan nan nan nan nan nan nan nan nan nan nan nan nan nan nan nan nan nan nan nan nan nan nan nan nan nan nan nan nan nan nan
Keqv10 nan nan nan nan nan nan nan nan nan nan nan nan nan nan nan nan nan nan nan nan nan nan nan nan nan nan nan nan nan nan nan nan nan nan nan nan nan nan nan nan
KMgATPv7 0.00469962 0.0108199 0.000862886 0.0138091 0.00202005 2.3437e-05 0.000156351 0.0206665 0.0233719 0.0610738 0.246887 0.0125813 0.00077486 -0.592198 0.0769356 0.00243282 0.0670224 0.00837084 -2.18745 0.0151748 0.149927 0.00048041 -1.14312 0.00602609 0.0244265 0.0379301 0.00623242 -6.58313 0.126962 0.00958971 0.118101 0.000186708 0.00486527 0.015109 5.73938e-06 0.0614395 0.214944 4.89738e-05 -16.2888 0.152111
Vmaxv17 nan nan nan nan nan nan nan nan nan nan nan nan nan nan nan nan nan nan nan nan nan nan nan nan nan nan nan nan nan nan nan nan nan nan nan nan nan nan nan nan
KFru6Pv3 nan nan nan nan nan nan nan nan nan nan nan nan nan nan nan nan nan nan nan nan nan nan nan nan nan nan nan nan nan nan nan nan nan nan nan nan nan nan nan nan
K7v26 0.00469967 0.0108197 0.000862888 0.0138094 0.00201998 2.34362e-05 0.000156348 0.0206666 0.0233719 0.0610738 0.246887 0.0125814 0.00077528 -0.592208 0.0769357 0.00243274 0.0670206 0.00837077 -2.18745 0.0151855 0.149928 0.000480434 -1.14312 0.00602625 0.0244269 0.0379334 0.00623614 -6.58313 0.126965 0.00959018 0.1181 0.000186708 0.00486527 0.0151103 5.73918e-06 0.061439 0.214944 4.89737e-05 -16.2887 0.152109
K1v24 0.00469868 0.0108197 0.00086289 0.0138064 0.00201992 2.34354e-05 0.000156347 0.0206666 0.0233719 0.0610738 0.246887 0.0125788 0.000774486 -0.592209 0.0769357 0.00243272 0.0670203 0.00837073 -2.18745 0.0151654 0.149928 0.000480431 -1.14312 0.0060262 0.0244268 0.0379334 0.00623482 -6.58313 0.126964 0.00959 0.1181 0.000186708 0.00486527 0.0151103 5.73898e-06 0.0614386 0.214944 4.89737e-05 -16.2889 0.152109
KGraPv4 nan nan nan nan nan nan nan nan nan nan nan nan nan nan nan nan nan nan nan nan nan nan nan nan nan nan nan nan nan nan nan nan nan nan nan nan nan nan nan nan
K6v24 0.00469959 0.0108199 0.000862886 0.0138091 0.00202004 2.34369e-05 0.000156347 0.0206665 0.0233719 0.0610738 0.246887 0.0125812 0.000774466 -0.592196 0.0769357 0.00243284 0.0670229 0.00837081 -2.18745 0.0151741 0.149927 0.000480423 -1.14312 0.00602611 0.0244265 0.037931 0.0062331 -6.58313 0.126962 0.00958979 0.118102 0.000186708 0.00486527 0.0151093 5.73936e-06 0.0614391 0.214944 4.89738e-05 -16.2888 0.152111
Keqv7 nan nan nan nan nan nan nan nan nan nan nan nan nan nan nan nan nan nan nan nan nan nan nan nan nan nan nan nan nan nan nan nan nan nan nan nan nan nan nan nan
Kd2 nan nan nan nan nan nan nan nan nan nan nan nan nan nan nan nan nan nan nan nan nan nan nan nan nan nan nan nan nan nan nan nan nan nan nan nan nan nan nan nan
Keqv22 nan nan nan nan nan nan nan nan nan nan nan nan nan nan nan nan nan nan nan nan nan nan nan nan nan nan nan nan nan nan nan nan nan nan nan nan nan nan nan nan
KNADPHv18 0.00470151 0.0108194 0.000863073 0.0138145 0.0020142 2.3364e-05 0.000156347 0.0206719 0.0233719 0.0610738 0.246888 0.0125863 0.000771886 -0.592244 0.0769357 0.00243242 0.0670133 0.00837035 -2.18755 0.0151802 0.149932 0.000480441 -1.14312 0.00602628 0.0240298 0.037942 0.00623257 -6.58313 0.126966 0.00959014 0.118094 0.000186699 0.00486552 0.0151139 5.72118e-06 0.0614358 0.214945 4.89712e-05 -16.2899 0.152104
K6PG2v18 0.00470417 0.010819 0.000863045 0.0138223 0.00201506 2.33748e-05 0.000156346 0.0206711 0.0233719 0.0610738 0.246889 0.0125934 0.000771179 -0.592283 0.0769357 0.00243214 0.067006 0.00837007 -2.1875 0.015178 0.149934 0.000480459 -1.14312 0.00602648 0.0243314 0.0379498 0.00623046 -6.58313 0.126969 0.00959059 0.118089 0.0001867 0.00486548 0.0151171 5.72386e-06 0.0614339 0.214949 4.89716e-05 -16.2893 0.152099
KMgADPv12 nan nan nan nan nan nan nan nan nan nan nan nan nan nan nan nan nan nan nan nan nan nan nan nan nan nan nan nan nan nan nan nan nan nan nan nan nan nan nan nan
K4v26 0.00469957 0.0108199 0.000862886 0.013809 0.00202004 2.34369e-05 0.000156347 0.0206665 0.0233719 0.0610738 0.246887 0.0125811 0.000774416 -0.592198 0.0769357 0.00243281 0.0670224 0.0083708 -2.18745 0.0151745 0.149927 0.000480425 -1.14312 0.00602612 0.0244266 0.0379303 0.00623226 -6.58313 0.126963 0.00958975 0.118101 0.000186708 0.00486527 0.0151091 5.73936e-06 0.061439 0.214944 4.89738e-05 -16.2888 0.152111
K5v23 0.00470306 0.01082 0.000862881 0.0138192 0.00202022 2.34392e-05 0.000156347 0.0206663 0.0233719 0.0610738 0.246887 0.0125904 0.000774717 -0.59219 0.0769357 0.0024329 0.067024 0.00837086 -2.18744 0.0151627 0.149927 0.000480421 -1.14312 0.00602608 0.0244282 0.0379288 0.00622762 -6.58313 0.126962 0.00958967 0.118103 0.000186709 0.00486526 0.0151084 5.73992e-06 0.0614394 0.214943 4.89738e-05 -16.2888 0.152112
KATPv25 0.00469758 0.0108201 0.000862884 0.0138023 0.00202012 2.34379e-05 0.000156349 0.0206664 0.0233719 0.0610738 0.246887 0.0125759 0.000777268 -0.592163 0.0769357 0.0024335 0.0670291 0.00837112 -2.18743 0.0151748 0.149925 0.000480416 -1.14312 0.00602608 0.0244247 0.0379243 0.00623362 -6.58313 0.126962 0.00958987 0.118107 0.000186708 0.00486526 0.0151065 5.73959e-06 0.0614415 0.214942 4.89738e-05 -16.2888 0.152116
Keqv0 nan nan nan nan nan nan nan nan nan nan nan nan nan nan nan nan nan nan nan nan nan nan nan nan nan nan nan nan nan nan nan nan nan nan nan nan nan nan nan nan
Kd23P2G nan nan nan nan nan nan nan nan nan nan nan nan nan nan nan nan nan nan nan nan nan nan nan nan nan nan nan nan nan nan nan nan nan nan nan nan nan nan nan nan
K6PG1v18 nan nan nan nan nan nan nan nan nan nan nan nan nan nan nan nan nan nan nan nan nan nan nan nan nan nan nan nan nan nan nan nan nan nan nan nan nan nan nan nan
Keqv24 nan nan nan nan nan nan nan nan nan nan nan nan nan nan nan nan nan nan nan nan nan nan nan nan nan nan nan nan nan nan nan nan nan nan nan nan nan nan nan nan
Keqv1 0.00469961 0.0108199 0.000862886 0.0138091 0.00202005 2.34371e-05 0.000156347 0.0206665 0.0233719 0.0610738 0.246887 0.0125812 0.00077417 -0.592198 0.0769357 0.00243282 0.0670225 0.0083708 -2.18745 0.0151747 0.149927 0.000480423 -1.14312 0.0060261 0.0244265 0.0379299 0.0062324 -6.58313 0.126962 0.00958967 0.118102 0.000186708 0.00486527 0.0151089 5.7394e-06 0.0614389 0.214944 4.89738e-05 -16.2888 0.152111
K3v23 nan nan nan nan nan nan nan nan nan nan nan nan nan nan nan nan nan nan nan nan nan nan nan nan nan nan nan nan nan nan nan nan nan nan nan nan nan nan nan nan
KPEPv11 0.00469963 0.0108262 0.000862887 0.0138091 0.00202003 2.34368e-05 0.000156347 0.0206665 0.0233719 0.0610738 0.246888 0.0125813 0.000780061 -0.592243 0.0769357 0.00243246 0.0670138 0.00836866 -2.18747 0.0151754 0.149931 0.00048037 -1.14312 0.00602548 0.0244266 0.0379325 0.00623193 -6.58313 0.126952 0.00958741 0.118094 0.000186708 0.00486527 0.01511 5.73933e-06 0.0614272 0.214946 4.89738e-05 -16.2888 0.152105
K3PGv10 nan nan nan nan nan nan nan nan nan nan nan nan nan nan nan nan nan nan nan nan nan nan nan nan nan nan nan nan nan nan nan nan nan nan nan nan nan nan nan nan
K5v26 0.00469982 0.0108199 0.000862885 0.0138097 0.00202007 2.34373e-05 0.000156347 0.0206665 0.0233719 0.0610738 0.246887 0.0125818 0.000774151 -0.592196 0.0769357 0.00243283 0.0670228 0.00837081 -2.18745 0.0151757 0.149927 0.000480422 -1.14312 0.00602608 0.0244265 0.0379294 0.00623302 -6.58313 0.126962 0.00958962 0.118102 0.000186708 0.00486527 0.0151087 5.73945e-06 0.061439 0.214944 4.89738e-05 -16.2888 0.152111
K4v23 0.00469951 0.0108199 0.000862886 0.0138088 0.00202004 2.3437e-05 0.000156347 0.0206665 0.0233719 0.0610738 0.246887 0.012581 0.000774382 -0.592198 0.0769357 0.00243282 0.0670225 0.00837081 -2.18745 0.0151752 0.149927 0.000480424 -1.14312 0.00602612 0.0244265 0.0379302 0.00623257 -6.58313 0.126963 0.00958973 0.118102 0.000186708 0.00486527 0.015109 5.73936e-06 0.061439 0.214944 4.89738e-05 -16.2888 0.152111
K23P2Gv9 0.00472491 0.01082 0.000863444 0.0138832 0.00200261 2.32191e-05 0.000156265 0.0206827 0.023372 0.0610739 0.246745 0.0126485 0.000215815 -0.595586 0.0769381 0.00241986 0.066546 0.00837832 -2.1468 0.0154147 0.149815 0.000482515 -1.14312 0.0060451 0.0246172 0.038331 0.0062843 -6.58313 0.127293 0.00963386 0.117894 0.000186681 0.00486603 0.015275 5.68519e-06 0.0615097 0.215986 4.89662e-05 -16.3008 0.151602
KATPv17 nan nan nan nan nan nan nan nan nan nan nan nan nan nan nan nan nan nan nan nan nan nan nan nan nan nan nan nan nan nan nan nan nan nan nan nan nan nan nan nan
K1v26 0.00469931 0.0108198 0.000862888 0.0138083 0.00202001 2.34365e-05 0.000156347 0.0206665 0.0233719 0.0610738 0.246887 0.0125805 0.000774513 -0.592201 0.0769357 0.00243279 0.0670218 0.00837079 -2.18745 0.0151731 0.149928 0.000480427 -1.14312 0.00602615 0.0244266 0.0379312 0.00623149 -6.58313 0.126963 0.00958985 0.118101 0.000186708 0.00486527 0.0151094 5.73926e-06 0.0614389 0.214944 4.89738e-05 -16.2888 0.15211
K2v23 0.00469748 0.0108199 0.000862903 0.0138028 0.00201952 2.34304e-05 0.000156347 0.020667 0.0233719 0.0610738 0.246887 0.0125756 0.000773699 -0.5922 0.0769357 0.00243279 0.0670222 0.00837075 -2.18743 0.0151831 0.149927 0.000480422 -1.14312 0.00602608 0.0244355 0.0379312 0.0062355 -6.58313 0.126962 0.00958965 0.118101 0.000186707 0.00486529 0.0151094 5.73773e-06 0.0614386 0.214944 4.89735e-05 -16.2885 0.152111
K3v24 0.00469065 0.0108188 0.000862919 0.013783 0.00201902 2.34241e-05 0.000156345 0.0206675 0.0233719 0.0610738 0.246889 0.0125574 0.000768962 -0.592311 0.0769357 0.00243183 0.0670006 0.00836981 -2.18753 0.0150781 0.149937 0.000480466 -1.14312 0.0060265 0.0244263 0.0379537 0.00625012 -6.58313 0.126969 0.00959044 0.118084 0.000186707 0.00486531 0.0151188 5.73618e-06 0.0614318 0.21495 4.89733e-05 -16.2893 0.152095
Keqv9 0.00469687 0.0108212 0.000862844 0.0138009 0.00202136 2.34534e-05 0.000156351 0.0206653 0.0233719 0.0610738 0.246894 0.012574 0.000794142 -0.591958 0.0769357 0.00243398 0.0670592 0.00837221 -2.18965 0.0151507 0.149929 0.000480379 -1.14312 0.00602585 0.0244141 0.0378925 0.0062289 -6.58313 0.126958 0.00958949 0.118121 0.00018671 0.00486521 0.0150934 5.74346e-06 0.0614496 0.214883 4.89743e-05 -16.2881 0.152147
Kd1 nan nan nan nan nan nan nan nan nan nan nan nan nan nan nan nan nan nan nan nan nan nan nan nan nan nan nan nan nan nan nan nan nan nan nan nan nan nan nan nan
K5v24 0.00469923 0.0108198 0.000862888 0.0138081 0.00201999 2.34364e-05 0.000156347 0.0206665 0.0233719 0.0610738 0.246887 0.0125803 0.000774679 -0.5922 0.0769357 0.0024328 0.0670221 0.00837079 -2.18745 0.0151706 0.149927 0.000480426 -1.14312 0.00602615 0.0244266 0.0379318 0.00623377 -6.58313 0.126963 0.0095899 0.118101 0.000186708 0.00486527 0.0151097 5.73922e-06 0.061439 0.214944 4.89737e-05 -16.2889 0.152111
K2PGv11 nan nan nan nan nan nan nan nan nan nan nan nan nan nan nan nan nan nan nan nan nan nan nan nan nan nan nan nan nan nan nan nan nan nan nan nan nan nan nan nan
K3v26 0.00469447 0.0108189 0.000862913 0.0137942 0.0020192 2.34265e-05 0.000156345 0.0206673 0.0233719 0.0610738 0.246889 0.0125676 0.000769235 -0.592294 0.0769357 0.00243199 0.0670039 0.00836991 -2.1875 0.0151492 0.149935 0.000480456 -1.14312 0.0060264 0.0244286 0.037951 0.00621815 -6.58313 0.126968 0.00959026 0.118087 0.000186707 0.0048653 0.0151176 5.73675e-06 0.0614325 0.214949 4.89734e-05 -16.2891 0.152097
K2v24 0.00469693 0.0108184 0.000862938 0.0138015 0.00201842 2.34167e-05 0.000156345 0.020668 0.0233719 0.0610738 0.24689 0.0125741 0.000769445 -0.592339 0.0769357 0.00243165 0.0669953 0.00836962 -2.18749 0.0151825 0.149938 0.000480481 -1.14312 0.00602671 0.0244463 0.0379612 0.0062435 -6.58313 0.126973 0.00959108 0.11808 0.000186706 0.00486534 0.0151219 5.73433e-06 0.0614307 0.214953 4.89731e-05 -16.2897 0.152091
Keqv8 0.00465579 0.0108457 0.000861741 0.0136807 0.00205587 2.38856e-05 0.000156524 0.0206331 0.0233718 0.0610737 0.246978 0.0124648 0.00122909 -0.586498 0.0769336 0.0024653 0.0679559 0.00839679 -2.22634 0.0146593 0.149843 0.000478329 -1.14313 0.00601049 0.0239781 0.0371137 0.00613818 -6.58313 0.126692 0.00956875 0.118667 0.000186765 0.0048637 0.0147709 5.85099e-06 0.061633 0.213767 4.89893e-05 -16.2576 0.152948
Keqv4 nan nan nan nan nan nan nan nan nan nan nan nan nan nan nan nan nan nan nan nan nan nan nan nan nan nan nan nan nan nan nan nan nan nan nan nan nan nan nan nan
K2v26 0.00467557 0.0108176 0.000862965 0.0137388 0.00201759 2.34063e-05 0.000156342 0.0206688 0.0233719 0.0610738 0.246892 0.0125174 0.000760841 -0.592437 0.0769357 0.00243067 0.0669757 0.00836859 -2.18768 0.0149322 0.149947 0.000480505 -1.14312 0.0060268 0.0244244 0.0379792 0.0061237 -6.58313 0.126974 0.00959074 0.118065 0.000186704 0.00486537 0.0151293 5.73173e-06 0.0614226 0.214956 4.89727e-05 -16.2906 0.152077
Vmaxv6 nan nan nan nan nan nan nan nan nan nan nan nan nan nan nan nan nan nan nan nan nan nan nan nan nan nan nan nan nan nan nan nan nan nan nan nan nan nan nan nan
KATPv3 nan nan nan nan nan nan nan nan nan nan nan nan nan nan nan nan nan nan nan nan nan nan nan nan nan nan nan nan nan nan nan nan nan nan nan nan nan nan nan nan
KPGA23v17 nan nan nan nan nan nan nan nan nan nan nan nan nan nan nan nan nan nan nan nan nan nan nan nan nan nan nan nan nan nan nan nan nan nan nan nan nan nan nan nan
K2PGv10 0.00469948 0.0108208 0.000862883 0.0138088 0.00202014 2.34381e-05 0.000156351 0.0206664 0.0233719 0.0610738 0.246887 0.0125809 0.000781839 -0.592181 0.0769357 0.00243297 0.0670257 0.00837211 -2.18745 0.0151728 0.149926 0.000480455 -1.14312 0.0060267 0.0244261 0.0379261 0.00623283 -6.58313 0.126973 0.00959159 0.118104 0.000186708 0.00486526 0.0151073 5.73965e-06 0.0614439 0.214942 4.89738e-05 -16.2888 0.152114
K1v23 0.00465882 0.0108191 0.000862946 0.0136893 0.00201817 2.34136e-05 0.000156345 0.0206682 0.0233719 0.0610738 0.246889 0.0124729 0.0007683 -0.592289 0.0769357 0.00243184 0.0670048 0.00836995 -2.18752 0.0153262 0.149935 0.000480452 -1.14312 0.00602633 0.0243998 0.0379485 0.00629197 -6.58313 0.126966 0.00958994 0.118088 0.000186705 0.00486535 0.0151166 5.73354e-06 0.0614326 0.214949 4.8973e-05 -16.2893 0.152098
Vmaxv7 0.00469731 0.0110621 0.000863078 0.0138021 0.00201407 2.33621e-05 0.000156313 0.0206721 0.0233719 0.0610739 0.246898 0.0125752 0.000691013 -0.593274 0.0769359 0.00242462 0.0668227 0.0085115 -2.18598 0.0153199 0.149996 0.000476009 -1.14312 0.00596933 0.0244817 0.0381054 0.00620469 -6.58313 0.125969 0.00942011 0.117953 0.000186699 0.00486553 0.0151817 5.72078e-06 0.0622871 0.215047 4.89712e-05 -16.2928 0.151956
K6v23 0.00469962 0.0108199 0.000862886 0.0138091 0.00202005 2.3437e-05 0.000156347 0.0206665 0.0233719 0.0610738 0.246887 0.0125813 0.000774383 -0.592198 0.0769357 0.00243282 0.0670225 0.00837081 -2.18745 0.0151748 0.149927 0.000480424 -1.14312 0.00602611 0.0244265 0.0379301 0.00623243 -6.58313 0.126963 0.00958973 0.118102 0.000186708 0.00486527 0.015109 5.73938e-06 0.061439 0.214944 4.89738e-05 -16.2888 0.152111
KdATP nan nan nan nan nan nan nan nan nan nan nan nan nan nan nan nan nan nan nan nan nan nan nan nan nan nan nan nan nan nan nan nan nan nan nan nan nan nan nan nan
K3PGv7 0.00469971 0.0108278 0.000862889 0.0138093 0.00201995 2.34358e-05 0.000156345 0.0206666 0.0233719 0.0610738 0.246888 0.0125815 0.000774038 -0.592251 0.0769357 0.00243238 0.0670123 0.00837528 -2.18747 0.0151774 0.149931 0.000480283 -1.14312 0.00602424 0.0244267 0.0379362 0.00623086 -6.58313 0.12693 0.00958379 0.118094 0.000186708 0.00486527 0.0151115 5.73908e-06 0.0614656 0.214947 4.89737e-05 -16.2888 0.152103
KiGraPv4 0.00473381 0.011778 0.000861303 0.013909 0.00206962 2.40575e-05 0.000156558 0.0206203 0.0233717 0.0610737 0.246862 0.0126721 0.00131481 -0.586032 0.0769336 0.00247748 0.06814 0.00895608 -2.2037 0.0142179 0.149605 0.000505105 -1.14313 0.00634534 0.0238428 0.0368942 0.00632572 -6.58313 0.132476 0.0089717 0.118897 0.000186786 0.0048631 0.0146801 5.89391e-06 0.06505 0.21419 4.89953e-05 -16.242 0.153001
K13P2Gv7 0.00469771 0.0110459 0.000863056 0.0138036 0.00201474 2.33705e-05 0.000156312 0.0206714 0.0233719 0.0610739 0.246911 0.0125762 0.000683688 -0.593064 0.076936 0.00242514 0.0668487 0.00850252 -2.18938 0.0153175 0.15001 0.000476359 -1.14312 0.00597358 0.0244767 0.0380951 0.00620859 -6.58313 0.126044 0.00943328 0.117959 0.0001867 0.0048655 0.0151774 5.72286e-06 0.0622341 0.214965 4.89715e-05 -16.2914 0.151988
KMgv3 nan nan nan nan nan nan nan nan nan nan nan nan nan nan nan nan nan nan nan nan nan nan nan nan nan nan nan nan nan nan nan nan nan nan nan nan nan nan nan nan
K23P2Gv1 nan nan nan nan nan nan nan nan nan nan nan nan nan nan nan nan nan nan nan nan nan nan nan nan nan nan nan nan nan nan nan nan nan nan nan nan nan nan nan nan
