name ancestor mean var
kLDHv14 243.4 nan nan
Vmaxv4 98.91 nan nan
Vmaxv3 239 nan nan
Vmaxv28 10000 15634.4 1.19208e+08
Vmaxv27 100 482.485 603001
Vmaxv23 23.5 46067.6 2.5471e+09
Vmaxv22 730 nan nan
Vmaxv18 1575 nan nan
Vmaxv16 1380 9.64711e+06 1.55872e+15
Vmaxv11 1500 nan nan
Vmaxv2 935 nan nan
Vmaxv0 33.6 25915.8 1.16586e+09
Vmax2v1 33.2 nan nan
Vmax1v1 15.8 nan nan
KiiGraPv4 0.176 0.58849 0.229435
Keqv6 0.000192 nan nan
Keqv5 0.0407 nan nan
Keqv28 1 nan nan
Keqv25 100000 170123 4.39155e+10
Keqv23 1.05 nan nan
Keqv21 2.7 8.09418e-05 1.13822e-10
Keqv19 1.04 717.224 2.12173e+06
Keqv18 141.7 nan nan
Keqv17 2000 nan nan
Keqv16 0.25 nan nan
Keqv14 14181.8 3637.62 3.64821e+07
Keqv13 9090 nan nan
Keqv12 13790 441385 1.8422e+10
KX5Pv21 0.5 2777.29 5.80286e+07
K6v26 0.122 0.250725 0.0253028
KdAMP 16.64 nan nan
KdADP 0.76 nan nan
KFru16P2v12 0.005 nan nan
KRu5Pv21 0.19 0.147408 0.00313671
Keqv29 1 nan nan
Kd3 1e-05 nan nan
Keqv26 1.2 1.90885 0.441696
KR5Pv25 0.57 754.4 184138
KR5Pv22 2.2 13.6618 642.192
KPGA23v18 0.12 nan nan
Vmaxv9 0.53 nan nan
KPv6 3.9 0.113802 0.0301142
KPEPv12 0.225 nan nan
KNADPv19 0.07 0.488375 0.150769
Vmaxv24 27.2 15043.9 4.29882e+08
KNADPv18 0.018 nan nan
Vmaxv25 1.1 nan nan
Vmaxv19 90 4017.11 863757
KNADPv17 0.00367 nan nan
KNADPHv17 0.00312 nan nan
K13P2Gv6 0.0035 0.397084 0.39301
KNADHv6 0.0083 1.8185 6.44734
KGSSGv19 0.0652 nan nan
KMoutv0 1.7 0.0306065 0.0120665
KDHAPv4 0.0364 nan nan
KMinv0 6.9 233828 3.54951e+11
KATPv18 0.154 nan nan
KMgv1 1.03 nan nan
Vmaxv13 2.8e+06 4.05967e+08 1.71818e+16
KADPv16 0.11 51.5858 5675.01
Kd4 0.0002 nan nan
K23P2Gv8 0.04 nan nan
KMgATPv1 1.44 nan nan
KMgATPMgv1 1.14 nan nan
Keqv27 1 nan nan
KMgADPv7 0.35 nan nan
KMg23P2Gv1 3.44 nan nan
Vmaxv12 570 nan nan
KMGlcv1 0.1 nan nan
Vmaxv21 4634 14699.5 2.50458e+08
KGraPv6 0.005 0.000255659 1.02948e-07
Keqv3 100000 8.90489e+07 6.03799e+16
KAMPv3 0.033 nan nan
KGlc6Pv2 0.182 nan nan
KGlc6Pv1 0.0045 nan nan
KGSHv19 20 nan nan
kATPasev15 1.68 1.67085 0
Kv20 0.03 nan nan
Keqv2 0.3925 7.93436e-06 1.50972e-12
KFru6Pv2 0.071 0.105385 0.00091847
KFru16P2v4 0.0071 nan nan
Keqv11 1.7 nan nan
KDHAPv5 0.838 0.0347197 0.00446434
Vmaxv26 23.5 16689.6 1.4553e+08
K4v24 0.006095 0.00228723 1.51988e-05
KMgATPv3 0.068 0.00092607 1.67575e-07
KGraPv5 0.428 58.1722 15039.9
KATPv16 0.09 0.0436364 0.00564015
KATPv12 3.39 nan nan
Vmaxv29 10000 319030 3.44642e+11
KNADv6 0.05 0.00193434 1.72107e-05
kDPGMv8 76000 nan nan
Vmaxv5 5456.6 2.92185e+07 5.76399e+15
KAMPv16 0.08 0.0315409 0.00830482
KNADPHv19 0.00852 9.42821e-08 5.29419e-13
KRu5Pv22 0.78 0.558997 0
KG6Pv17 0.0667 nan nan
K7v24 2.524 0.249608 0.180593
K7v23 48.8 63.4303 3846.19
Vmaxv10 2000 nan nan
Keqv10 0.145 nan nan
KMgATPv7 0.48 0.481422 0
Vmaxv17 162 nan nan
KFru6Pv3 0.1 nan nan
K7v26 0.215 0.60186 0.577229
K1v24 0.00823 0.000335763 6.08198e-07
KGraPv4 0.1906 nan nan
K6v24 0.4653 0.1952 0.0826283
Keqv7 1455 nan nan
Kd2 1e-05 nan nan
Keqv22 3 nan nan
KNADPHv18 0.0045 0.0190702 9.83673e-05
K6PG2v18 0.058 531.452 547361
KMgADPv12 0.474 nan nan
K4v26 0.0003 3.71628e-05 1.31215e-08
K5v23 0.41139 5.58975 184.892
KATPv25 0.03 0.00679496 0.000109122
Keqv0 1 nan nan
Kd23P2G 1.667 nan nan
K6PG1v18 0.01 nan nan
Keqv24 1.05 nan nan
Keqv1 3900 1355.59 5.09383e+06
K3v23 12.432 nan nan
KPEPv11 1 1.42448 0
K3PGv10 5 nan nan
K5v26 0.0287 0.199967 0.0706229
K4v23 0.00496 0.00235415 1.17025e-05
K23P2Gv9 0.2 0.00751883 0.000263632
KATPv17 0.749 nan nan
K1v26 0.00184 4.77777e-05 3.20312e-08
K2v23 0.3055 0.271155 0.00993528
K3v24 0.1733 0.00368033 5.1989e-05
Keqv9 100000 42326.8 8.54506e+09
Kd1 0.0002 nan nan
K5v24 0.8683 0.213666 0.0977173
K2PGv11 1 nan nan
K3v26 0.0548 0.00116939 4.30017e-05
K2v24 0.04765 0.00988496 0.000725967
Keqv8 100000 9.63788e+10 2.58875e+22
Keqv4 0.114 nan nan
K2v26 0.3055 0.000435971 5.96658e-06
Vmaxv6 4300 nan nan
KATPv3 0.01 nan nan
KPGA23v17 2.289 nan nan
K2PGv10 1 1.25567 0.151816
K1v23 0.4177 0.0494615 0.00245178
Vmaxv7 5000 3.13004e+08 1.86671e+17
K6v23 0.00774 0.00893826 0.000771169
KdATP 0.072 nan nan
K3PGv7 1.2 7.94062 48.0136
KiGraPv4 0.0572 1152.19 4.27049e+06
K13P2Gv7 0.002 8.76876e-06 7.44243e-11
KMgv3 0.44 nan nan
K23P2Gv1 2.7 nan nan
