name ancestor mean var
kLDHv14 16.2509 nan nan
Vmaxv4 16.2509 nan nan
Vmaxv3 16.2509 nan nan
Vmaxv28 16.2509 16.2508 6.77592e-08
Vmaxv27 16.2509 16.2506 2.75083e-06
Vmaxv23 16.2509 16.2522 2.01708e-08
Vmaxv22 16.2509 nan nan
Vmaxv18 16.2509 nan nan
Vmaxv16 16.2509 16.2508 2.16005e-12
Vmaxv11 16.2509 nan nan
Vmaxv2 16.2509 nan nan
Vmaxv0 16.2509 16.6596 0.00861084
Vmax2v1 16.2509 nan nan
Vmax1v1 16.2509 nan nan
KiiGraPv4 16.2509 16.2509 7.25549e-10
Keqv6 16.2509 nan nan
Keqv5 16.2509 nan nan
Keqv28 16.2509 nan nan
Keqv25 16.2509 16.2509 9.66338e-13
Keqv23 16.2509 nan nan
Keqv21 16.2509 16.279 3.54441e-09
Keqv19 16.2509 16.2509 7.95808e-13
Keqv18 16.2509 nan nan
Keqv17 16.2509 nan nan
Keqv16 16.2509 nan nan
Keqv14 16.2509 16.2509 1.08002e-12
Keqv13 16.2509 nan nan
Keqv12 16.2509 16.256 4.52474e-11
KX5Pv21 16.2509 16.2509 2.84217e-13
K6v26 16.2509 16.2509 2.84217e-13
KdAMP 16.2509 nan nan
KdADP 16.2509 nan nan
KFru16P2v12 16.2509 nan nan
KRu5Pv21 16.2509 16.2509 5.68434e-14
Keqv29 16.2509 nan nan
Kd3 16.2509 nan nan
Keqv26 16.2509 16.2509 0
KR5Pv25 16.2509 16.2713 3.97185e-08
KR5Pv22 16.2509 16.2509 3.97904e-13
KPGA23v18 16.2509 nan nan
Vmaxv9 16.2509 nan nan
KPv6 16.2509 16.2507 4.29691e-09
KPEPv12 16.2509 nan nan
KNADPv19 16.2509 16.2509 1.36424e-12
Vmaxv24 16.2509 16.2508 1.43473e-10
KNADPv18 16.2509 nan nan
Vmaxv25 16.2509 nan nan
Vmaxv19 16.2509 16.251 1.65414e-11
KNADPv17 16.2509 nan nan
KNADPHv17 16.2509 nan nan
K13P2Gv6 16.2509 16.2509 1.66551e-11
KNADHv6 16.2509 16.2509 5.68434e-13
KGSSGv19 16.2509 nan nan
KMoutv0 16.2509 16.3603 4.27017e-05
KDHAPv4 16.2509 nan nan
KMinv0 16.2509 16.3515 0.00236403
KATPv18 16.2509 nan nan
KMgv1 16.2509 nan nan
Vmaxv13 16.2509 16.2524 1.14444e-06
KADPv16 16.2509 16.2509 -4.54747e-13
Kd4 16.2509 nan nan
K23P2Gv8 16.2509 nan nan
KMgATPv1 16.2509 nan nan
KMgATPMgv1 16.2509 nan nan
Keqv27 16.2509 nan nan
KMgADPv7 16.2509 nan nan
KMg23P2Gv1 16.2509 nan nan
Vmaxv12 16.2509 nan nan
KMGlcv1 16.2509 nan nan
Vmaxv21 16.2509 16.2508 7.05427e-11
KGraPv6 16.2509 16.2509 7.28869e-09
Keqv3 16.2509 16.2509 -6.25278e-13
KAMPv3 16.2509 nan nan
KGlc6Pv2 16.2509 nan nan
KGlc6Pv1 16.2509 nan nan
KGSHv19 16.2509 nan nan
kATPasev15 16.2509 16.2509 0
Kv20 16.2509 nan nan
Keqv2 16.2509 16.5948 1.19708e-07
KFru6Pv2 16.2509 16.2508 1.36993e-11
KFru16P2v4 16.2509 nan nan
Keqv11 16.2509 nan nan
KDHAPv5 16.2509 16.2508 1.18405e-10
Vmaxv26 16.2509 16.2505 1.63311e-10
K4v24 16.2509 16.2508 3.84262e-11
KMgATPv3 16.2509 16.2471 3.78009e-11
KGraPv5 16.2509 16.2508 1.13687e-13
KATPv16 16.2509 16.2509 1.7053e-13
KATPv12 16.2509 nan nan
Vmaxv29 16.2509 16.2509 7.16227e-12
KNADv6 16.2509 16.251 3.0405e-09
kDPGMv8 16.2509 nan nan
Vmaxv5 16.2509 16.2508 7.44762e-10
KAMPv16 16.2509 16.2509 9.66338e-13
KNADPHv19 16.2509 16.251 2.84217e-13
KRu5Pv22 16.2509 16.2509 0
KG6Pv17 16.2509 nan nan
K7v24 16.2509 16.2508 3.12639e-12
K7v23 16.2509 16.2508 8.56903e-09
Vmaxv10 16.2509 nan nan
Keqv10 16.2509 nan nan
KMgATPv7 16.2509 16.2509 0
Vmaxv17 16.2509 nan nan
KFru6Pv3 16.2509 nan nan
K7v26 16.2509 16.2509 1.71099e-11
K1v24 16.2509 16.2508 3.12639e-12
KGraPv4 16.2509 nan nan
K6v24 16.2509 16.2509 2.04636e-12
Keqv7 16.2509 nan nan
Kd2 16.2509 nan nan
Keqv22 16.2509 nan nan
KNADPHv18 16.2509 16.2506 3.10126e-09
K6PG2v18 16.2509 16.2509 2.69438e-11
KMgADPv12 16.2509 nan nan
K4v26 16.2509 16.2509 -5.11591e-13
K5v23 16.2509 16.2509 4.49631e-11
KATPv25 16.2509 16.2508 2.45336e-10
Keqv0 16.2509 nan nan
Kd23P2G 16.2509 nan nan
K6PG1v18 16.2509 nan nan
Keqv24 16.2509 nan nan
Keqv1 16.2509 16.2509 3.97904e-13
K3v23 16.2509 nan nan
KPEPv11 16.2509 16.2508 0
K3PGv10 16.2509 nan nan
K5v26 16.2509 16.2509 2.95586e-12
K4v23 16.2509 16.2509 4.54747e-13
K23P2Gv9 16.2509 16.2402 3.71629e-06
KATPv17 16.2509 nan nan
K1v26 16.2509 16.2508 9.66338e-13
K2v23 16.2509 16.2508 8.48388e-10
K3v24 16.2509 16.2508 1.38584e-10
Keqv9 16.2509 16.2514 4.45217e-07
Kd1 16.2509 nan nan
K5v24 16.2509 16.2509 3.12639e-12
K2PGv11 16.2509 nan nan
K3v26 16.2509 16.2508 5.52518e-11
K2v24 16.2509 16.251 3.62263e-09
Keqv8 16.2509 16.2585 1.57159e-06
Keqv4 16.2509 nan nan
K2v26 16.2509 16.2506 3.46176e-11
Vmaxv6 16.2509 nan nan
KATPv3 16.2509 nan nan
KPGA23v17 16.2509 nan nan
K2PGv10 16.2509 16.2509 4.96357e-10
K1v23 16.2509 16.2508 4.718e-11
Vmaxv7 16.2509 16.2507 2.9786e-11
K6v23 16.2509 16.2509 -5.68434e-14
KdATP 16.2509 nan nan
K3PGv7 16.2509 16.2508 1.32331e-10
KiGraPv4 16.2509 16.2625 2.57459e-07
K13P2Gv7 16.2509 16.2518 4.66599e-09
KMgv3 16.2509 nan nan
K23P2Gv1 16.2509 nan nan
