species_id wild_type mean var CV ER
MgATP 0.00152212 0.0015243543940000638 1.0868128614366314e-12 0.0006838981637415444 4.690909618521033e-11
Glc6P 4.10568e-05 3.992474238999935e-05 2.9898050348694543e-13 0.013695544767965272 1.7736694051240233e-08
MgADP 9.3914e-05 8.89512716599997e-05 3.265698145810555e-12 0.020315890278109285 3.7026730303824085e-08
B23PG 0.00308725 0.0034977817539999707 2.439728769222088e-08 0.04465581970990368 2.559752340720811e-07
Glc16P2 0.000106204 0.00010660460999999814 9.168189879949088e-14 0.002840310465038085 8.128339756607872e-10
GSH 0.00320001 0.0032000081900004323 1.254100041045772e-16 3.4995725487381687e-06 1.228428470056997e-15
Fru6P 1.33196e-05 1.534401043000026e-05 1.07755649452323e-12 0.06765207775598064 6.073760785267002e-07
Fru16P2 2.33004e-06 2.632549142000008e-06 4.2272557296887984e-14 0.07810031289193822 7.786311392032453e-07
ATP 0.000158404 0.00017119923550000535 2.3839021630659575e-11 0.028519531889738946 9.500711696586173e-08
Mg 0.000370341 0.00035099074960000595 5.539109604948475e-11 0.021204317998938377 4.038651407530791e-08
AMP 2.94017e-05 2.8138099360000287e-05 3.7490361842619253e-13 0.02176030895262099 4.336853463670076e-08
Phos 0.000994883 0.0009948775660000935 7.347036729541713e-17 8.615618648987634e-06 7.440459359742136e-15
GrnP 2.19974e-05 2.3322282310000082e-05 2.1418836419152e-12 0.06275190130715916 4.426425609741269e-07
GraP 5.2942e-06 5.918036914000104e-06 1.3240569918056752e-13 0.0614859191585112 4.723957607023044e-07
MgB23PG 0.000768035 0.0008025871598999923 1.6986766998186046e-10 0.01623914491675081 2.8797096809562993e-08
NAD 5.9895e-05 5.989139563000565e-05 2.807544056823888e-18 2.7976852722045638e-05 7.827164472118397e-14
B13PG 3.68147e-07 4.036188550999996e-07 1.9108556636905836e-16 0.03424857417430138 1.4098903963501997e-07
NADH 2.45021e-07 2.486017680000157e-07 2.8183186222676634e-18 0.006752907987346882 4.694436565810811e-09
P3GA 7.19791e-05 7.428285814000039e-05 7.258616720567073e-13 0.011469337349538377 1.4010093723482165e-08
P2GA 1.20293e-05 1.2419709380000078e-05 2.0015969189150556e-14 0.011391394134322365 1.383234817504686e-08
PEP 2.02575e-05 2.1205882780000383e-05 1.2111485898100773e-13 0.016411276306907502 2.951384096385734e-08
Pyr 5.85717e-05 5.857329866000093e-05 4.789628036768859e-19 1.1815475687567434e-05 1.3937651033302245e-14
Lac 0.00140443 0.0014044027539999308 1.160518570483696e-15 2.4256848443957506e-05 5.882094811227035e-14
NADPH 6.40171e-05 6.401437996000298e-05 1.9392174126509415e-18 2.1753828870404e-05 4.730341673919725e-14
NADP 1.07852e-07 1.1062016090000097e-07 1.9464774050323935e-18 0.012612186888604422 1.6733737837104634e-08
BPGSP 2.99956e-07 2.718368931999959e-07 1.080085931378546e-16 0.03823144883826108 1.2004475847645636e-07
BPGSPB13PG 2.15521e-08 2.1405991810000723e-08 3.83721323200118e-21 0.002893827315757495 8.261078558224888e-10
BPGSPP 6.88542e-07 6.835214870000055e-07 4.154981140055242e-18 0.002982169724904835 8.764117344073341e-10
BPGSPPP3GA 9.16871e-11 9.392865224999903e-11 6.589591751539754e-25 0.008642336335687785 7.8386637671235e-09
BPGSPPP2GA 8.37576e-12 8.62550100599995e-12 1.5921712993958324e-26 0.014628862751189334 2.2695582931331336e-08
BPGSPB23PG 1.66687e-06 1.7078973160000447e-06 2.2399785859424443e-16 0.008763148619866552 8.061955676774701e-09
BPGSPPPhos 1.12298e-06 1.115235663000012e-06 1.0671156322018487e-17 0.002929133003071966 8.46189133529851e-10
P6GL 1.12797e-08 1.1635694089999654e-08 3.79514913846683e-19 0.05294465573431092 2.9828660340474047e-07
P6G 3.41956e-05 4.3280816489999505e-05 4.166927844473793e-11 0.14914632096785538 3.5634898288261496e-06
Ru5P 4.1504e-06 4.6283559100000025e-06 1.14774829108793e-13 0.07319755582872099 6.662952941662193e-07
GSSG 8.57847e-08 8.584946084000041e-08 3.071039134420083e-17 0.0645513164084488 4.1731661603157113e-07
Xu5P 7.57335e-06 6.908439915999834e-06 1.508422771953534e-13 0.056218797926174305 2.6299471665889307e-07
Rib5P 4.89949e-06 5.4525738040000495e-06 2.0112011924289031e-13 0.08224816287647971 8.378258708921837e-07
TK 1.47938e-07 1.5682843250000398e-07 8.399038167123569e-17 0.058437277641203524 3.8376915739528615e-07
TKXu5P 5.35348e-09 5.717682600999979e-09 2.4671297496213594e-20 0.027471093805565793 8.608344148954839e-08
TKG 1.73688e-07 1.6420624959999662e-07 8.493970212488699e-17 0.05612620584284025 2.8156009621894687e-07
TKGRib5P 1.48964e-09 1.5072556570000179e-09 2.405119438652033e-21 0.03253729176326982 1.0838620176605307e-07
Sed7P 6.08067e-06 6.393876239999871e-06 1.797110203583568e-13 0.06630146568784656 4.860398078804228e-07
Ery4P 7.38402e-07 8.27400519300001e-07 2.8256795907655886e-15 0.06424593711442188 5.182474646858282e-07
TKGEry4P 1.53141e-09 1.7403406230000349e-09 9.054853200763433e-21 0.054677223029043855 3.8609880413007504e-07
ADP 0.000110229 0.00011176679060000205 7.02121737549271e-13 0.0074971021657686985 5.7785740706250975e-09
MgB13PG 2.59722e-08 2.7493667419999627e-08 1.5328561124097659e-18 0.0450316665832016 2.2723954600774033e-07
MgFru16P2 3.46547e-07 3.8014622659999885e-07 9.145438336741009e-16 0.07955208725388634 7.615181147970995e-07
MgGlc16P2 1.57958e-05 1.5395380059999952e-05 9.165765675247112e-14 0.019665000440432408 3.673546129391303e-08
MgPhos 1.25271e-05 1.1581075250000194e-05 1.2662837697236058e-13 0.03072675069256743 8.069190191241082e-08
Hb 0.00365369 0.003460631991000028 5.111014709016231e-09 0.020658469685751916 3.828632995089842e-08
HbMgATP 0.000216893 0.0002057323573999993 1.739561080751155e-11 0.02027296351565518 3.6978442143265065e-08
HbATP 0.000208352 0.00021315951029999433 3.446753826553459e-12 0.00870964430965485 7.939897921693807e-09
HbADP 0.000100685 9.669832391999859e-05 2.213205038716854e-12 0.015384800842978648 2.1831928551774292e-08
HbB23PG 0.00281996 0.0030233432210000186 5.665278675042319e-09 0.024895633743521738 7.12418816424032e-08
HbB13PG 4.25946e-07 4.3463626080000024e-07 2.830646786996009e-17 0.012240999623629902 1.56018677524683e-08
vhk 5.61546e-07 5.614759908999848e-07 1.0165958548577841e-20 0.00017957380167995236 3.223857558687371e-12
vgpi 5.0369e-07 5.036199429999979e-07 1.019404270362308e-20 0.00020047965428599533 4.018095145497114e-12
vpfk 5.42261e-07 5.421906704000212e-07 1.0178110692076394e-20 0.00018607222231358536 3.4614008104227878e-12
vald 5.42261e-07 5.421906704000212e-07 1.0178110692076394e-20 0.00018607222231358536 3.4614008104227878e-12
vtpi -5.42261e-07 -5.421906704000212e-07 1.0178110692076394e-20 0.0 0.0
vgapdh 1.10381e-06 1.103666804000023e-06 4.0761081432610155e-20 0.00018292997238027607 3.3454837566893047e-12
vpgk 8.90441e-07 8.917473518000072e-07 3.720953802341725e-19 0.000684046004805798 4.692929198579776e-11
vpgm 1.10371e-06 1.1035391130000127e-06 9.344720529984571e-20 0.0002770099878396438 7.671089408134434e-12
veno 1.10381e-06 1.103666804000023e-06 4.0761081432610155e-20 0.00018292997238027607 3.3454837566893047e-12
vpk 1.10381e-06 1.103666804000023e-06 4.0761081432610155e-20 0.00018292997238027607 3.3454837566893047e-12
vldh 1.09981e-06 1.0996167580000271e-06 4.4754399237286465e-20 0.00019238735154204997 3.700000894557575e-12
vldhp 6.91181e-09 6.9118079129996025e-09 1.1329460083412799e-27 4.869820423246686e-06 2.371680629664752e-15
vbpgsp1 2.13366e-07 2.1191934679999926e-07 3.760773237058919e-19 0.002893796367435279 8.260887708777531e-10
vbpgsp2 2.13366e-07 2.1191934679999926e-07 3.760773237058919e-19 0.002893796367435279 8.260887708777531e-10
vbpgsp3 9.30727e-11 1.2758542561200016e-10 1.6330121782128855e-20 1.0015984528742576 0.00018851451622935565
vbpgsp4 -9.30727e-11 -1.2758542545399998e-10 1.6330121637505933e-20 0.0 0.0
vbpgsp5 9.30727e-11 1.2758542545399998e-10 1.6330121637505933e-20 1.0015984496794437 0.00018851451455983236
vbpgsp6 -9.30727e-11 -1.2758542545399998e-10 1.6330121637505933e-20 0.0 0.0
vbpgsp7 -2.1684e-19 2.7538641e-21 5.04210374944648e-38 81.53862514211906 0.0
vbpgsp8 2.13366e-07 2.1191934679999926e-07 3.760773237058919e-19 0.002893796367435279 8.260887708777531e-10
vbpgsp9 2.13366e-07 2.1191934679999926e-07 3.760773237058919e-19 0.002893796367435279 8.260887708777531e-10
vg6pdh 5.78561e-08 5.785604393000212e-08 3.7108016981596395e-26 3.329546918188668e-06 1.1175615988179289e-15
vpglhydrolysis 5.78561e-08 5.785604393000212e-08 3.7108016981596395e-26 3.329546918188668e-06 1.1175615988179289e-15
vp6gdh 5.78561e-08 5.785604393000212e-08 3.7108016981596395e-26 3.329546918188668e-06 1.1175615988179289e-15
vgssgr 1.088e-07 1.0880038590001446e-07 2.352493659895788e-25 4.457935648979589e-06 2.008215815862968e-15
vru5pe 3.85707e-08 3.8570696140000356e-08 1.753026425104763e-26 3.432707145783773e-06 1.1494249996246708e-15
vr5pi 1.92854e-08 1.9285349449997605e-08 2.6971154349506394e-27 2.692912576155111e-06 7.211009567242854e-16
vtk1 3.85707e-08 3.8570696140000356e-08 1.753026425104763e-26 3.432707145783773e-06 1.1494249996246708e-15
vtk2 3.85707e-08 3.8570696140000356e-08 1.753026425104763e-26 3.432707145783773e-06 1.1494249996246708e-15
vtk3 1.92854e-08 1.9285349449997605e-08 2.6971154349506394e-27 2.692912576155111e-06 7.211009567242854e-16
vtk4 1.92854e-08 1.9285349449997605e-08 2.6971154349506394e-27 2.692912576155111e-06 7.211009567242854e-16
vtk5 1.92854e-08 1.9285349449997605e-08 2.6971154349506394e-27 2.692912576155111e-06 7.211009567242854e-16
vtk6 1.92854e-08 1.9285349449997605e-08 2.6971154349506394e-27 2.692912576155111e-06 7.211009567242854e-16
vta 1.92854e-08 1.9285349449997605e-08 2.6971154349506394e-27 2.692912576155111e-06 7.211009567242854e-16
vak 0.0 6.72206099999999e-22 1.6250092129199693e-40 18.963804285584313 0.0
vatpase 8.90441e-07 8.917473518000072e-07 3.720953802341725e-19 0.000684046004805798 4.692929198579776e-11
vox 1.088e-07 1.0880038590001446e-07 2.352493659895788e-25 4.457935648979589e-06 2.008215815862968e-15
voxnadh 3.99385e-09 4.050014212000053e-09 6.864667706687695e-22 0.006469239245633549 4.303640858038804e-09
vlactransport 1.10673e-06 1.1065285530000176e-06 4.4724410103061975e-20 0.00019112156173391534 3.651415303451699e-12
vpyrtransport -2.91797e-09 -2.861793707000019e-09 6.8631993878978195e-22 0.0 0.0
vphostransport 0.0 5.505694199999976e-24 2.4000994608833016e-44 28.138603103173644 0.0
vmgatp -4.44089e-16 6.328281800000031e-18 6.200887620488736e-32 39.3496723186719 0.0
vmgadp 1.38778e-17 1.228185300000002e-18 2.166035103101842e-34 11.983090802960964 0.000112466775
vmgb23pg 1.11022e-16 -1.2034832799999673e-17 3.025590396915165e-32 0.0 0.00024546639235854334
vmgb13pg -6.77626e-21 4.004766780000025e-22 2.881825776925143e-41 13.404685562493631 0.0
vmgfru16p2 0.0 -2.8731442000000156e-22 4.68689321860984e-39 0.0 0.0
vmgglc16p2 -6.93889e-18 2.4424892899999833e-19 3.5158272102809746e-35 24.276221612603187 0.0
vmgphos -1.73472e-18 -1.0425671400000047e-19 3.2430460035304844e-36 0.0 0.0
vhbmgatp 2.77556e-16 1.3544732099999715e-18 1.841851187592947e-32 100.19749167905127 2.390855332883238e-05
vhbatp 0.0 4.227174460000062e-18 2.175300631433624e-33 11.033402738092592 0.0
vhbadp 1.38778e-17 1.3877799999996775e-17 1.219208350155656e-46 7.956431714817597e-07 0.0
vhbbpg 4.44089e-16 7.314151630000163e-17 4.769407528109705e-31 9.442092635934774 0.00024183792118594147
vhbb13pg 1.0842e-19 9.671066700000176e-21 8.022053220267089e-39 9.261224049369908 6.824435492487754e-05
