species_id wild_type mean var CV ER
MgATP 0.00152212 0.001521648391000004 1.371096454179778e-13 0.0002433434678013997 5.9179285138988294e-12
Glc6P 4.10568e-05 4.0638235579999227e-05 7.964942566382573e-13 0.02196122091454274 4.7251157774419464e-08
MgADP 9.3914e-05 9.48486116799994e-05 4.453857152555801e-13 0.007036183604295009 5.04981661535453e-09
B23PG 0.00308725 0.0030186359239999672 2.4328799189076274e-09 0.016339907764551537 2.552566558199354e-08
Glc16P2 0.000106204 0.00010620705410000157 1.3509049055802277e-14 0.001094357015961135 1.197686132270448e-10
GSH 0.00320001 0.0031999975809999213 3.087282626811419e-16 5.490836911109026e-06 3.015965255315223e-15
Fru6P 1.33196e-05 1.3859893420000135e-05 4.9287367355638424e-14 0.01601798637819363 2.7781344238997363e-08
Fru16P2 2.33004e-06 2.2536072929999966e-06 1.560557511893068e-15 0.01752918198593622 2.874438527106227e-08
ATP 0.000158404 0.0001563909782999994 2.233326054480877e-12 0.009555740996184588 8.900611487183685e-09
Mg 0.000370341 0.0003752758592999924 1.1989650642402907e-11 0.009226832491378793 8.74184171018033e-09
AMP 2.94017e-05 2.958454056999994e-05 3.724271906234682e-14 0.0065231274083225 4.308206358794031e-09
Phos 0.000994883 0.0009948830000000351 -1.300195574035351e-19 nan 0.0
GrnP 2.19974e-05 2.1492568160000096e-05 5.692800484157365e-14 0.01110132121214484 1.1764765072475037e-08
GraP 5.2942e-06 5.309115489000085e-06 8.960254824331536e-16 0.00563816794103561 3.196830973761777e-09
MgB23PG 0.000768035 0.000760568916100003 2.7745770374301717e-11 0.006925638546777134 4.7036474664197134e-09
NAD 5.9895e-05 5.9889313320003645e-05 1.1693715834861081e-17 5.7098793860062954e-05 3.259970182689642e-13
B13PG 3.68147e-07 3.6236100400000414e-07 1.7417608753876494e-17 0.011517356533782469 1.285126856584995e-08
NADH 2.45021e-07 2.506847853000089e-07 1.170694133681326e-17 0.013648777208158103 1.9500099454217157e-08
P3GA 7.19791e-05 7.15477606899998e-05 1.0278497284358633e-13 0.00448093626806421 1.983886405731994e-09
P2GA 1.20293e-05 1.1958593630000001e-05 2.815449173602928e-15 0.004437044022134264 1.945660132585125e-09
PEP 2.02575e-05 2.009352551000031e-05 1.4928515598668423e-14 0.006080680302130461 3.6378512045520673e-09
Pyr 5.85717e-05 5.857752502000049e-05 2.9124716280130253e-17 9.212973744086549e-05 8.489501324149273e-13
Lac 0.00140443 0.0014043289209999259 6.800748759440683e-15 5.8723174589068226e-05 3.4476803634220234e-13
NADPH 6.40171e-05 6.401208522000023e-05 5.069179432327381e-17 0.00011122613784979323 1.2369303470372017e-12
NADP 1.07852e-07 1.1291540245999999e-07 5.069997956366429e-17 0.06305952648960111 4.3586437942708665e-07
BPGSP 2.99956e-07 3.053443261000021e-07 1.503654794585844e-17 0.012699429672302705 1.6712177375755033e-08
BPGSPB13PG 2.15521e-08 2.158073092000025e-08 4.852881860855373e-22 0.0010207836603669375 1.0447695573123639e-10
BPGSPP 6.88542e-07 6.894548207000175e-07 4.953940570934424e-19 0.001020867983385839 1.0449365868137051e-10
BPGSPPP3GA 9.16871e-11 9.125813370000067e-11 9.981865451731684e-26 0.0034620574705051784 1.1873950634289089e-09
BPGSPPP2GA 8.37576e-12 8.335492885999913e-12 1.0518382840423816e-27 0.003890838474690408 1.4993413671171573e-09
BPGSPB23PG 1.66687e-06 1.6590508350000116e-06 3.303770377167007e-17 0.003464537240538914 1.1890671821834786e-09
BPGSPPPhos 1.12298e-06 1.124469622000012e-06 1.3179377245458708e-18 0.001020938819365527 1.0450832190755932e-10
P6GL 1.12797e-08 1.2250294069999723e-08 6.905814877723515e-19 0.06783611253244813 5.427749973933471e-07
P6G 3.41956e-05 3.070668198000005e-05 1.173374692990993e-11 0.11155408220605445 1.00345120912676e-06
Ru5P 4.1504e-06 5.003152159000018e-06 3.24728035817797e-13 0.11389802191718831 1.8851238013736671e-06
GSSG 8.57847e-08 9.111088671000137e-08 7.174425038298712e-17 0.09296581432741398 9.749165177781682e-07
Xu5P 7.57335e-06 1.0318227043000042e-05 2.9128321253387872e-12 0.16540652890975904 5.078546106180814e-06
Rib5P 4.89949e-06 6.4255874880000545e-06 1.2643225213384307e-12 0.17499115430053944 5.266912736101536e-06
TK 1.47938e-07 1.4115963949999885e-07 3.917519915545109e-17 0.04433993640821876 1.7899946245082398e-07
TKXu5P 5.35348e-09 6.001500623000007e-09 4.934104634708493e-19 0.11704269737705245 1.721614794272197e-06
TKG 1.73688e-07 1.7907600289999968e-07 3.4869019021836036e-17 0.032974822970012266 1.1558463363321448e-07
TKGRib5P 1.48964e-09 2.0573856080000028e-09 1.4381543360438802e-19 0.18432619154743674 6.481012274436182e-06
Sed7P 6.08067e-06 1.0118553778e-05 5.7675644158418265e-12 0.23734374057756094 1.559874233109473e-05
Ery4P 7.38402e-07 8.176568232999992e-07 3.1474449915633444e-15 0.06861325284786672 5.772612692651169e-07
TKGEry4P 1.53141e-09 1.7054685220000023e-09 9.37553921265372e-21 0.0567746439457995 3.9977285084211725e-07
ADP 0.000110229 0.00010976847059999922 8.481846162793228e-14 0.002653185299927521 6.980694883251814e-10
MgB13PG 2.59722e-08 2.9758719050000238e-08 3.8169800522522554e-18 0.06565166002918775 5.658514241598133e-07
MgFru16P2 3.46547e-07 3.351464077999938e-07 6.469215560348518e-17 0.023998894821834527 5.386756387074643e-08
MgGlc16P2 1.57958e-05 1.5792918149999694e-05 1.3506402266387588e-14 0.007358807725374587 5.413229343320669e-09
MgPhos 1.25271e-05 1.2612256059999736e-05 2.6040551762569286e-14 0.012794764940016934 1.6593923869101522e-08
Hb 0.00365369 0.0036885070569999856 6.357590903210877e-10 0.006835899522144518 4.762436361804845e-09
HbMgATP 0.000216893 0.00021888815230000045 2.07092027323072e-12 0.0065744501170597325 4.402225731614529e-09
HbATP 0.000208352 0.0002076521814999996 3.2317454935038284e-13 0.002737676184409237 7.444607482254284e-10
HbADP 0.000100685 0.00010121861620000059 1.8075117868163014e-13 0.004200298675808828 1.783001005417617e-09
HbB23PG 0.00281996 0.0027832541110000197 7.031710033241954e-10 0.009527470604464362 8.842499773176193e-09
HbB13PG 4.25946e-07 4.798568422999962e-07 5.105965446164762e-16 0.047089843155673515 2.8142895823162204e-07
vhk 5.61546e-07 5.615494534999643e-07 3.354236568999742e-23 1.0313565612288444e-05 1.061686294434594e-14
vgpi 5.0369e-07 5.036933145999898e-07 3.41754738980916e-23 1.160622768633877e-05 1.3474643623112569e-14
vpfk 5.42261e-07 5.422640764999739e-07 3.373977024291993e-23 1.0711745009497185e-05 1.147208994467519e-14
vald 5.42261e-07 5.422640764999739e-07 3.373977024291993e-23 1.0711745009497185e-05 1.147208994467519e-14
vtpi -5.42261e-07 -5.422640764999739e-07 3.373977024291993e-23 0.0 0.0
vgapdh 1.10381e-06 1.1038137880000419e-06 1.4710587283785147e-22 1.0988013667903249e-05 1.2091283529969133e-14
vpgk 8.90441e-07 8.901642984000154e-07 4.6880261489483416e-20 0.0002432343129058409 5.912619127634855e-12
vpgm 1.10371e-06 1.1037100130001198e-06 3.715325342134539e-23 5.522598141335881e-06 3.061439990403869e-15
veno 1.10381e-06 1.1038137880000419e-06 1.4710587283785147e-22 1.0988013667903249e-05 1.2091283529969133e-14
vpk 1.10381e-06 1.1038137880000419e-06 1.4710587283785147e-22 1.0988013667903249e-05 1.2091283529969133e-14
vldh 1.09981e-06 1.0997846389999567e-06 2.2978582845111746e-20 0.00013783324188346418 1.899707646746407e-12
vldhp 6.91181e-09 6.912316930000035e-09 3.08881957194675e-25 8.04030693200919e-05 6.465535662414368e-13
vbpgsp1 2.13366e-07 2.1364922779998833e-07 4.7569732111626964e-20 0.0010208549180752314 1.0449132696876972e-10
vbpgsp2 2.13366e-07 2.1364922779998833e-07 4.7569732111626964e-20 0.0010208549180752314 1.0449132696876972e-10
vbpgsp3 9.30727e-11 1.0334875964000393e-10 9.384649856290184e-23 0.09373542829123398 1.0833616253788314e-06
vbpgsp4 -9.30727e-11 -1.0334875938000395e-10 9.384649605839847e-23 0.0 0.0
vbpgsp5 9.30727e-11 1.0334875938000395e-10 9.384649605839847e-23 0.09373542727627956 1.0833615964668919e-06
vbpgsp6 -9.30727e-11 -1.0334875938000395e-10 9.384649605839847e-23 0.0 0.0
vbpgsp7 -2.1684e-19 2.9273419999999987e-21 4.696880428633648e-38 74.03401256009889 0.0
vbpgsp8 2.13366e-07 2.1364922779998833e-07 4.7569732111626964e-20 0.0010208549180752314 1.0449132696876972e-10
vbpgsp9 2.13366e-07 2.1364922779998833e-07 4.7569732111626964e-20 0.0010208549180752314 1.0449132696876972e-10
vg6pdh 5.78561e-08 5.7856123679999845e-08 3.6499805223670995e-26 3.3021434869795907e-06 1.0935474747952867e-15
vpglhydrolysis 5.78561e-08 5.7856123679999845e-08 3.6499805223670995e-26 3.3021434869795907e-06 1.0935474747952867e-15
vp6gdh 5.78561e-08 5.7856123679999845e-08 3.6499805223670995e-26 3.3021434869795907e-06 1.0935474747952867e-15
vgssgr 1.088e-07 1.0879982230001674e-07 4.52828247702207e-25 6.184983839978386e-06 3.832201223019638e-15
vru5pe 3.85707e-08 3.8570746239997614e-08 1.8225447923773646e-26 3.5001049273646243e-06 1.1964429447175462e-15
vr5pi 1.92854e-08 1.928537789999655e-08 4.131905510127931e-27 3.3330899746828633e-06 1.0666023619876342e-15
vtk1 3.85707e-08 3.8570746239997614e-08 1.8225447923773646e-26 3.5001049273646243e-06 1.1964429447175462e-15
vtk2 3.85707e-08 3.8570746239997614e-08 1.8225447923773646e-26 3.5001049273646243e-06 1.1964429447175462e-15
vtk3 1.92854e-08 1.928537789999655e-08 4.131905510127931e-27 3.3330899746828633e-06 1.0666023619876342e-15
vtk4 1.92854e-08 1.928537789999655e-08 4.131905510127931e-27 3.3330899746828633e-06 1.0666023619876342e-15
vtk5 1.92854e-08 1.928537789999655e-08 4.131905510127931e-27 3.3330899746828633e-06 1.0666023619876342e-15
vtk6 1.92854e-08 1.928537789999655e-08 4.131905510127931e-27 3.3330899746828633e-06 1.0666023619876342e-15
vta 1.92854e-08 1.928537789999655e-08 4.131905510127931e-27 3.3330899746828633e-06 1.0666023619876342e-15
vak 0.0 -2.1006400999999949e-22 1.2597232540674774e-40 0.0 0.0
vatpase 8.90441e-07 8.901642984000154e-07 4.6880261489483416e-20 0.0002432343129058409 5.912619127634855e-12
vox 1.088e-07 1.0879982230001674e-07 4.52828247702207e-25 6.184983839978386e-06 3.832201223019638e-15
voxnadh 3.99385e-09 4.028896624000177e-09 2.401559889700817e-20 0.03846454385820865 1.5056010954117572e-07
vlactransport 1.10673e-06 1.1066971359999288e-06 2.297185008767964e-20 0.00013695225913559943 1.875466260070624e-12
vpyrtransport -2.91797e-09 -2.8834202280000774e-09 2.4059767864350442e-20 0.0 0.0
vphostransport 0.0 1.905836200000005e-24 5.178361118671355e-44 119.4017232597424 0.0
vmgatp -4.44089e-16 -3.0198062000000013e-18 6.355340559871579e-32 0.0 0.0
vmgadp 1.38778e-17 7.771568000000028e-20 2.296422503515199e-34 194.99220287918385 0.000119236864
vmgb23pg 1.11022e-16 -1.2989578000000002e-18 2.5489622513626594e-32 0.0 0.00020679751255755336
vmgb13pg -6.77626e-21 -1.483999899999996e-22 2.866274139028809e-41 0.0 0.0
vmgfru16p2 0.0 -3.7946500000001054e-23 3.478571362136086e-39 0.0 0.0
vmgglc16p2 -6.93889e-18 -4.1633390999999956e-20 3.7835453625237747e-35 0.0 0.0
vmgphos -1.73472e-18 -4.1806815999999866e-20 3.0872600207615296e-36 0.0 0.0
vhbmgatp 2.77556e-16 1.5765108399999886e-18 1.8760677185788322e-32 86.88149673461902 2.4352708514286066e-05
vhbatp 0.0 3.5249652999999617e-19 1.301265793383086e-33 102.33593471058958 0.0
vhbadp 1.38778e-17 4.3021179999999294e-20 2.703414104856076e-34 382.1852918343469 0.000140369039
vhbbpg 4.44089e-16 -1.696421180000003e-17 3.6037966405914933e-31 0.0 0.000182734371680524
vhbb13pg 1.0842e-19 -1.3010479999999933e-22 8.773839827367607e-39 0.0 7.463987370716612e-05
