species_id wild_type mean var CV ER
MgATP 0.00152212 0.0015221210980000393 6.488357079262666e-17 5.2919796523632185e-06 2.808064891723916e-15
Glc6P 4.10568e-05 4.0983564680000855e-05 2.3153881640912286e-15 0.0011740921235068426 1.3735789059499126e-10
MgADP 9.3914e-05 9.395331157000177e-05 1.3485613091791655e-15 0.0003908618249528574 1.5290092325592753e-11
B23PG 0.00308725 0.0030858248319998887 5.91321897893684e-12 0.0007880262989616654 6.2041210335817e-11
Glc16P2 0.000106204 0.00010640158379999444 1.8493450414622492e-14 0.0012780883643323173 1.639593430136088e-10
GSH 0.00320001 0.003200008095000217 7.287024445228746e-17 2.6676204389359552e-06 6.890155113126184e-16
Fru6P 1.33196e-05 1.3296684200000153e-05 2.2507135145644084e-16 0.0011282796498509305 1.2686384496252146e-10
Fru16P2 2.33004e-06 2.3188407739998967e-06 7.738386620591094e-17 0.0037936239953726162 1.4253570454481058e-09
ATP 0.000158404 0.0001583294993000029 6.68861778349444e-15 0.000516542846233362 2.6656545426551048e-11
Mg 0.000370341 0.0003705004651000101 3.6170162988113634e-14 0.0005133179785970932 2.637223375234754e-11
AMP 2.94017e-05 2.943389477000051e-05 6.917135258072048e-16 0.0008935428851806236 8.001684215219739e-11
Phos 0.000994883 0.0009948830000000351 -1.300195574035351e-19 nan 0.0
GrnP 2.19974e-05 2.2268167339999826e-05 2.5372422361305668e-14 0.007153136126055358 5.243475314586909e-09
GraP 5.2942e-06 5.296900205999839e-06 1.433816172182809e-16 0.002260606366683084 5.115555227863666e-10
MgB23PG 0.000768035 0.0007680121645999848 5.114585544687111e-14 0.0002944673340688508 8.670580997627297e-12
NAD 5.9895e-05 5.9894338369999256e-05 6.567793384155726e-19 1.3530815403642503e-05 1.8315116090406035e-14
B13PG 3.68147e-07 3.680052552000062e-07 5.493429671824585e-20 0.0006368948892764613 4.053227995459707e-11
NADH 2.45021e-07 2.4566030979999975e-07 6.58235120038417e-19 0.0033025966037224836 1.096413650136796e-09
P3GA 7.19791e-05 7.196717062999791e-05 5.049668996188695e-16 0.0003122461029334257 9.746531037801987e-12
P2GA 1.20293e-05 1.2026774969999699e-05 1.6111308586087464e-17 0.00033374611802755046 1.1133975486021797e-11
PEP 2.02575e-05 2.0249402990000476e-05 1.2098007069749093e-16 0.0005431811540686447 2.9481002961073696e-11
Pyr 5.85717e-05 5.8567256970000004e-05 3.710827767273632e-17 0.0001040112976648146 1.081674694258794e-12
Lac 0.00140443 0.001403548149000139 3.5685572170501064e-12 0.0013459192865423143 1.8092249072232392e-10
NADPH 6.40171e-05 6.401874753000095e-05 7.621947393709629e-18 4.312467152992929e-05 1.8600523343792473e-13
NADP 1.07852e-07 1.0625244239999864e-07 7.629691742526434e-18 0.02599648160628009 6.559195654505245e-08
BPGSP 2.99956e-07 3.0007248880001837e-07 3.7879832975549184e-20 0.0006486013486353396 4.2101055530707756e-11
BPGSPB13PG 2.15521e-08 2.1552224440000518e-08 2.8839252900931877e-24 7.879522531263878e-05 6.208749292468951e-13
BPGSPP 6.88542e-07 6.885440446999753e-07 2.9484896353356895e-21 7.886205255873484e-05 6.21912010778658e-13
BPGSPPP3GA 9.16871e-11 9.167224894999891e-11 8.594297649632484e-28 0.00031979178970897924 1.0223367941097905e-11
BPGSPPP2GA 8.37576e-12 8.422927055000118e-12 1.047175506640317e-26 0.012149172492913342 1.49269482174752e-08
BPGSPB23PG 1.66687e-06 1.6667468839998974e-06 7.075662004644755e-20 0.0001595930180231879 2.5466168507293218e-12
BPGSPPPhos 1.12298e-06 1.1229838690000012e-06 7.86218107592551e-21 7.895833887100672e-05 6.23462348414705e-13
P6GL 1.12797e-08 9.857170409999454e-09 2.9567150057204274e-19 0.05516358315281378 2.3238835791014045e-07
P6G 3.41956e-05 3.472514647999949e-05 2.9183397257739875e-12 0.049195325352265284 2.495717304852985e-07
Ru5P 4.1504e-06 4.105437269000055e-06 2.190332464199522e-14 0.03604919736200935 1.2715403063161545e-07
GSSG 8.57847e-08 8.581726023000098e-08 1.388915888873802e-17 0.043427349889943616 1.8873666316805427e-07
Xu5P 7.57335e-06 7.735595342000202e-06 7.080952314996604e-14 0.03439949695417932 1.234569699207988e-07
Rib5P 4.89949e-06 4.533541412999895e-06 3.581245654838686e-14 0.04174259737225664 1.491874741728183e-07
TK 1.47938e-07 1.4169822750000067e-07 1.2757304425737193e-17 0.025206644818537724 5.829072178006322e-08
TKXu5P 5.35348e-09 5.228627830000026e-09 2.2062248161480697e-20 0.028407770615519627 7.697990951236466e-08
TKG 1.73688e-07 1.8014099970000385e-07 1.3120659368874578e-17 0.020107832636837374 4.3492666240640966e-08
TKGRib5P 1.48964e-09 1.457351280999994e-09 2.9151373762645726e-21 0.03704804247013738 1.3137005287762182e-07
Sed7P 6.08067e-06 5.697497522999861e-06 1.038011121780295e-13 0.056547949092700486 2.807366655607768e-07
Ery4P 7.38402e-07 5.995385256999844e-07 5.458761694221072e-15 0.12323383733351878 1.0011713350615237e-06
TKGEry4P 1.53141e-09 1.47478992399995e-09 2.0533940407876787e-21 0.030725997216852062 8.755669096698337e-08
ADP 0.000110229 0.00011022619080000138 3.8830032280197276e-16 0.00017877182615236512 3.1957696933204714e-12
MgB13PG 2.59722e-08 2.6030512719999323e-08 4.9729816636993817e-20 0.00856693963026705 7.3722385822705405e-09
MgFru16P2 3.46547e-07 3.3994556479999734e-07 1.4263454716150223e-17 0.01110971669855446 1.1876827270029811e-08
MgGlc16P2 1.57958e-05 1.5598368719999857e-05 1.8500215780974836e-14 0.008719854027894913 7.41469925877869e-09
MgPhos 1.25271e-05 1.2512430510000094e-05 6.228583034482888e-17 0.0006307437425461053 3.9690645148304784e-11
Hb 0.00365369 0.0036544170989999537 1.5047947527532368e-12 0.0003356761765342117 1.1272341127188667e-11
HbMgATP 0.000216893 0.00021693613110000313 5.29903766803665e-15 0.00033555723936159104 1.1264357091533839e-11
HbATP 0.000208352 0.00020829668930000066 1.8474633561155626e-15 0.00020635051127499156 4.255810071018829e-12
HbADP 0.000100685 0.00010070312009999707 3.109677135689251e-16 0.00017511152235905964 3.0674890183490787e-12
HbB23PG 0.00281996 0.002819222060999943 1.6271878897739737e-12 0.00045246976758459814 2.0462175154278837e-11
HbB13PG 4.25946e-07 4.249003621999779e-07 1.5382539557263849e-16 0.029189517687672323 8.478498586877992e-08
vhk 5.61546e-07 5.615722127000183e-07 4.772705411815155e-22 3.890242770332057e-05 1.5134593578380872e-13
vgpi 5.0369e-07 5.035624543999866e-07 8.246141514166434e-21 0.00018033168890956608 3.250287972100807e-12
vpfk 5.42261e-07 5.4223565580003e-07 3.5212261795137814e-22 3.460659647411254e-05 1.1975826996746264e-13
vald 5.42261e-07 5.4223565580003e-07 3.5212261795137814e-22 3.460659647411254e-05 1.1975826996746264e-13
vtpi -5.42261e-07 -5.4223565580003e-07 3.5212261795137814e-22 0.0 0.0
vgapdh 1.10381e-06 1.1038074970000806e-06 3.0979549722083953e-22 1.594572283910058e-05 2.5419255589298473e-14
vpgk 8.90441e-07 8.904408269000309e-07 2.0854705543657174e-23 5.128578021271401e-06 2.642175367384425e-15
vpgm 1.10371e-06 1.1037965590000405e-06 5.673141066714458e-20 0.00021578574704103726 4.6570930667400035e-12
veno 1.10381e-06 1.1038074970000806e-06 3.0979549722083953e-22 1.594572283910058e-05 2.5419255589298473e-14
vpk 1.10381e-06 1.1038074970000806e-06 3.0979549722083953e-22 1.594572283910058e-05 2.5419255589298473e-14
vldh 1.09981e-06 1.0996112979999243e-06 1.3696652674541408e-20 0.00010643097190874958 1.1323431303722487e-12
vldhp 6.91181e-09 7.2191825120000236e-09 4.892120241695695e-20 0.030638009031318178 1.0240320289196525e-07
vbpgsp1 2.13366e-07 2.1336699660000968e-07 2.837760940871514e-22 7.895154976699218e-05 6.233546789857769e-13
vbpgsp2 2.13366e-07 2.1336699660000968e-07 2.837760940871514e-22 7.895154976699218e-05 6.233546789857769e-13
vbpgsp3 9.30727e-11 1.161386849000201e-11 6.195436538978591e-20 21.43181996621394 0.0007151996400010412
vbpgsp4 -9.30727e-11 -1.1613868560002019e-11 6.195436527195022e-20 0.0 0.0
vbpgsp5 9.30727e-11 1.1613868560002019e-11 6.195436527195022e-20 21.431819816657015 0.000715199638640749
vbpgsp6 -9.30727e-11 -1.1613868560002019e-11 6.195436527195022e-20 0.0 0.0
vbpgsp7 -2.1684e-19 -2.1684000000000796e-19 -1.0508350315264824e-50 0.0 0.0
vbpgsp8 2.13366e-07 2.1336699660000968e-07 2.837760940871514e-22 7.895154976699218e-05 6.233546789857769e-13
vbpgsp9 2.13366e-07 2.1336699660000968e-07 2.837760940871514e-22 7.895154976699218e-05 6.233546789857769e-13
vg6pdh 5.78561e-08 5.800973583e-08 1.2224585943248076e-20 0.0019059705739099366 3.6520427384445496e-10
vpglhydrolysis 5.78561e-08 5.800973583e-08 1.2224585943248076e-20 0.0019059705739099366 3.6520427384445496e-10
vp6gdh 5.78561e-08 5.800973583e-08 1.2224585943248076e-20 0.0019059705739099366 3.6520427384445496e-10
vgssgr 1.088e-07 1.088002245000151e-07 1.7203163076697737e-25 3.8121884536118124e-06 1.460653820117841e-15
vru5pe 3.85707e-08 3.867315428999931e-08 5.433306402615957e-21 0.001905998272806631 3.652154474176328e-10
vr5pi 1.92854e-08 1.933658106000042e-08 1.358103429192193e-21 0.0019058413038700933 3.6515356647282004e-10
vtk1 3.85707e-08 3.867315428999931e-08 5.433306402615957e-21 0.001905998272806631 3.652154474176328e-10
vtk2 3.85707e-08 3.867315428999931e-08 5.433306402615957e-21 0.001905998272806631 3.652154474176328e-10
vtk3 1.92854e-08 1.933658106000042e-08 1.358103429192193e-21 0.0019058413038700933 3.6515356647282004e-10
vtk4 1.92854e-08 1.933658106000042e-08 1.358103429192193e-21 0.0019058413038700933 3.6515356647282004e-10
vtk5 1.92854e-08 1.933658106000042e-08 1.358103429192193e-21 0.0019058413038700933 3.6515356647282004e-10
vtk6 1.92854e-08 1.933658106000042e-08 1.358103429192193e-21 0.0019058413038700933 3.6515356647282004e-10
vta 1.92854e-08 1.933658106000042e-08 1.358103429192193e-21 0.0019058413038700933 3.6515356647282004e-10
vak 0.0 -3.8353675999999983e-22 1.2039592698395825e-40 0.0 0.0
vatpase 8.90441e-07 8.904408269000309e-07 2.0854705543657174e-23 5.128578021271401e-06 2.642175367384425e-15
vox 1.088e-07 1.088002245000151e-07 1.7203163076697737e-25 3.8121884536118124e-06 1.460653820117841e-15
voxnadh 3.99385e-09 4.197053555000214e-09 1.5100107248523587e-20 0.02927827630775074 9.466654614893599e-08
vlactransport 1.10673e-06 1.1068301579999344e-06 3.0420256680395373e-20 0.0001575797667079333 2.4835659528932296e-12
vpyrtransport -2.91797e-09 -3.0221287409999244e-09 3.037647269012326e-20 0.0 0.0
vphostransport 0.0 -8.107308899999978e-24 3.617344096001025e-44 0.0 0.0
vmgatp -4.44089e-16 3.8413859e-18 6.276383993130079e-32 65.21790069122646 0.0
vmgadp 1.38778e-17 -1.0963462000000184e-19 2.5550155492895e-34 0.0 0.00013266375900000002
vmgb23pg 1.11022e-16 1.0169650500000044e-17 2.618537553757508e-32 15.911948905353581 0.0002124421624392945
vmgb13pg -6.77626e-21 -1.2264987599999994e-22 2.956970141616121e-41 0.0 0.0
vmgfru16p2 0.0 -5.1933240499999434e-21 3.581199990667592e-39 0.0 0.0
vmgglc16p2 -6.93889e-18 9.992015800000089e-20 3.6876283969043225e-35 60.77436967386695 0.0
vmgphos -1.73472e-18 -1.3461446899999987e-19 3.3155398256160155e-36 0.0 0.0
vhbmgatp 2.77556e-16 1.0280663640000164e-17 2.070912569478048e-32 13.997798315916992 2.6881934838298104e-05
vhbatp 0.0 2.1538342600000387e-18 1.2883541196292913e-33 16.665001015279298 0.0
vhbadp 1.38778e-17 -3.1780161999999686e-19 2.6954892743963753e-34 0.0 0.000139957559
vhbbpg 4.44089e-16 5.817569029999922e-17 3.7124590585761946e-31 10.473438604724384 0.00018824421606299173
vhbb13pg 1.0842e-19 -5.453530700000044e-21 8.505492856809143e-39 0.0 7.235702100113483e-05
