species_id wild_type mean var CV ER
MgATP 0.00152212 0.001522021817000032 3.6954507582807015e-14 0.0001263027574185455 1.59503792396265e-12
Glc6P 4.10568e-05 4.165047794999978e-05 2.8523411796777647e-13 0.012822737347623783 1.6921204642850185e-08
MgADP 9.3914e-05 9.406855110000024e-05 1.6052718656291293e-13 0.00425921773629299 1.8200692725622858e-09
B23PG 0.00308725 0.0030723300389999928 8.355498794668448e-10 0.009408455244897853 8.766551376360177e-09
Glc16P2 0.000106204 0.00010603784879999823 5.041138777185442e-15 0.0006695814570070559 4.469376182481e-11
GSH 0.00320001 0.003200001147000125 9.035639261540523e-17 2.9704982983906268e-06 8.812728324869568e-16
Fru6P 1.33196e-05 1.255113652999994e-05 1.4538415438250013e-13 0.030379140577850162 8.194731136355049e-08
Fru16P2 2.33004e-06 2.33706183800001e-06 1.1895978445346271e-15 0.01475808068733847 2.19115658984137e-08
ATP 0.000158404 0.00015804064220000143 7.945370699173183e-13 0.0056401193800294765 3.1665173862216454e-09
Mg 0.000370341 0.0003721029046999977 3.9408145773168075e-12 0.00533494492386678 2.8733095075672564e-09
AMP 2.94017e-05 2.9389540300000127e-05 4.7849597419624836e-15 0.0023536742229711342 5.535201117234934e-10
Phos 0.000994883 0.0009948830000000351 -1.300195574035351e-19 nan 0.0
GrnP 2.19974e-05 2.1967180030000105e-05 1.79455323837948e-14 0.006098230899625051 3.708631161336573e-09
GraP 5.2942e-06 5.360175164999931e-06 1.4021662330253214e-15 0.006985874347846825 5.002634991324584e-09
MgB23PG 0.000768035 0.0007657198244999966 9.062378062935554e-12 0.00393143587989461 1.5363145815294743e-09
NAD 5.9895e-05 5.9893028070002164e-05 3.981906848126141e-19 1.0535842683769234e-05 1.109513592112421e-14
B13PG 3.68147e-07 3.66794545400002e-07 6.43183885783359e-18 0.006914244118068266 4.745616325974034e-09
NADH 2.45021e-07 2.4697206010000855e-07 3.960315662924894e-19 0.00254810357581852 6.596646124901184e-10
P3GA 7.19791e-05 7.189211155000016e-05 3.113023182844807e-14 0.0024541999218967428 6.008547936753317e-10
P2GA 1.20293e-05 1.2016345350000033e-05 9.085635353334863e-16 0.0025084488508545473 6.2787702543865e-10
PEP 2.02575e-05 2.0227824719999515e-05 5.04805638809408e-15 0.003512472373057631 1.2301342251164193e-09
Pyr 5.85717e-05 5.8572650219997705e-05 1.5643763821694742e-19 6.7526734829088535e-06 4.5484505051263115e-15
Lac 0.00140443 0.0014044298859996406 1.9862922613113343e-18 1.0035095565634213e-06 5.841993555577574e-17
NADPH 6.40171e-05 6.401591713999839e-05 2.5844265622484286e-19 7.94134614068484e-06 6.275635566765914e-15
NADP 1.07852e-07 1.0908263080000132e-07 2.5788422959224193e-19 0.0046553977115578555 2.217013714411742e-09
BPGSP 2.99956e-07 3.0116346270000215e-07 4.945692487080626e-18 0.007384332992991507 5.4968261621990425e-09
BPGSPB13PG 2.15521e-08 2.1558327060000553e-08 1.2793307642957918e-22 0.0005246580798643337 2.7542522151868807e-11
BPGSPP 6.88542e-07 6.887391108999847e-07 1.3059099683319307e-19 0.0005246888954389338 2.754560826101482e-11
BPGSPPP3GA 9.16871e-11 9.160245931999999e-11 3.137091061595981e-26 0.0019335545499211877 3.731733773881807e-10
BPGSPPP2GA 8.37576e-12 8.411817313000044e-12 1.5541914347412447e-26 0.014820485249004745 2.2154199494162087e-08
BPGSPB23PG 1.66687e-06 1.6651367410000059e-06 1.0074850999406795e-17 0.001906204157394328 3.626061524264479e-10
BPGSPPPhos 1.12298e-06 1.1233023979999967e-06 3.4723509508436374e-19 0.0005245840967868122 2.7534659219341508e-11
P6GL 1.12797e-08 8.80151474200038e-09 4.148921672612965e-18 0.23142495993147458 3.2609199492827813e-06
P6G 3.41956e-05 3.0421588930000134e-05 1.978154396311159e-11 0.1462002782325032 1.6916858976696702e-06
Ru5P 4.1504e-06 4.363869262999987e-06 2.527270991607314e-13 0.11520044989480215 1.4671411683918833e-06
GSSG 8.57847e-08 8.897567439999986e-08 2.4605989603029565e-17 0.05575054658499568 3.343652706935041e-07
Xu5P 7.57335e-06 6.70295384200003e-06 7.579860417252129e-13 0.12988660800867086 1.3215547258134675e-06
Rib5P 4.89949e-06 4.668931305000032e-06 2.291488725078981e-13 0.10252773854523158 9.545880063855927e-07
TK 1.47938e-07 1.4908050169999888e-07 1.0674594521746721e-16 0.0693034489120091 4.877439611004508e-07
TKXu5P 5.35348e-09 5.651493105999979e-09 6.00621042558929e-20 0.043364772225000396 2.0956954689381747e-07
TKG 1.73688e-07 1.7231001720000006e-07 1.0989168847047245e-16 0.06083757538173644 3.642715197495261e-07
TKGRib5P 1.48964e-09 1.3475892980000085e-09 1.5353564696526157e-20 0.09194901015229517 6.919051645615015e-07
Sed7P 6.08067e-06 5.035535157000057e-06 3.359157775307082e-13 0.11509847482784635 9.085054419611271e-07
Ery4P 7.38402e-07 8.12476565599996e-07 1.7827182287607428e-14 0.16433516652972696 3.269617706560601e-06
TKGEry4P 1.53141e-09 1.610402258000019e-09 1.461737782267576e-20 0.0750758685862712 6.23284770237964e-07
ADP 0.000110229 0.0001100908256999979 2.2082039546901045e-14 0.0013497970126879223 1.817387104585677e-10
MgB13PG 2.59722e-08 2.9360163989999908e-08 4.273912781015185e-18 0.07041324359139157 6.335898015648267e-07
MgFru16P2 3.46547e-07 3.5180157010000176e-07 2.7500775906568825e-17 0.014906466217950288 2.289921844298437e-08
MgGlc16P2 1.57958e-05 1.59621584099998e-05 5.039497692571059e-15 0.004447357165519623 2.019779679263145e-09
MgPhos 1.25271e-05 1.2418937609999917e-05 4.86350214166718e-15 0.005615521707947507 3.0991887241427207e-09
Hb 0.00365369 0.0036612041940000096 2.0982019089333585e-10 0.003956395395195715 1.5717515063462528e-09
HbMgATP 0.000216893 0.0002173247816000013 6.938542455908429e-13 0.003832876916365829 1.4749495971244642e-09
HbATP 0.000208352 0.00020829823269999853 1.2334637820502014e-13 0.0016860778214550442 2.8413913101266177e-10
HbADP 0.000100685 0.0001007657143000003 7.364290497855346e-14 0.002693101166542395 7.264426963082826e-10
HbB23PG 0.00281996 0.002812002240000054 2.3220995296867341e-10 0.005419069899818492 2.9200812479812654e-09
HbB13PG 4.25946e-07 4.0463403440000444e-07 2.6070989635513945e-16 0.03990399242277654 1.436972406226089e-07
vhk 5.61546e-07 5.615477389999663e-07 1.191980187385984e-23 6.148197860270502e-06 3.762457012612686e-15
vgpi 5.0369e-07 5.036917921999945e-07 1.1706594859283947e-23 6.792824907702258e-06 4.6210146820158114e-15
vpfk 5.42261e-07 5.422624219999958e-07 1.2026279163402951e-23 6.395229450888849e-06 4.091949001860939e-15
vald 5.42261e-07 5.422624219999958e-07 1.2026279163402951e-23 6.395229450888849e-06 4.091949001860939e-15
vtpi -5.42261e-07 -5.422624219999958e-07 1.2026279163402951e-23 0.0 0.0
vgapdh 1.10381e-06 1.1038097950000015e-06 3.581070051308061e-23 5.421408903709862e-06 2.9354074726484216e-15
vpgk 8.90441e-07 8.903826870000098e-07 1.2643890356786241e-20 0.0001262884560498337 1.5946729714499953e-12
vpgm 1.10371e-06 1.1036108649999492e-06 7.362368096003497e-21 7.774863912634679e-05 6.04359284839262e-13
veno 1.10381e-06 1.1038097950000015e-06 3.581070051308061e-23 5.421408903709862e-06 2.9354074726484216e-15
vpk 1.10381e-06 1.1038097950000015e-06 3.581070051308061e-23 5.421408903709862e-06 2.9354074726484216e-15
vldh 1.09981e-06 1.0997774280000232e-06 1.5753065076768541e-22 1.1412419617707852e-05 1.300308749563328e-14
vldhp 6.91181e-09 6.91180718700017e-09 9.53061070047601e-28 4.466514524526655e-06 2.016209421640269e-15
vbpgsp1 2.13366e-07 2.134274603000007e-07 1.2544604077130522e-20 0.0005247810969731979 2.7555382109412107e-11
vbpgsp2 2.13366e-07 2.134274603000007e-07 1.2544604077130522e-20 0.0005247810969731979 2.7555382109412107e-11
vbpgsp3 9.30727e-11 1.9938919887999962e-10 7.503598031655596e-21 0.43444334808324947 8.662134745773704e-05
vbpgsp4 -9.30727e-11 -1.9938920233999986e-10 7.503598417901503e-21 0.0 0.0
vbpgsp5 9.30727e-11 1.9938920233999986e-10 7.503598417901503e-21 0.43444335172578846 8.66213519165516e-05
vbpgsp6 -9.30727e-11 -1.9938920233999986e-10 7.503598417901503e-21 0.0 0.0
vbpgsp7 -2.1684e-19 -4.5537160000001e-22 4.6939552710781984e-38 0.0 0.0
vbpgsp8 2.13366e-07 2.1342746000000069e-07 1.2544628052191153e-20 0.0005247815991875185 2.7555434800596857e-11
vbpgsp9 2.13366e-07 2.134274603000007e-07 1.2544604077130522e-20 0.0005247810969731979 2.7555382109412107e-11
vg6pdh 5.78561e-08 5.7855939109998864e-08 2.986272399759401e-26 2.9868730394368973e-06 8.822720332091194e-16
vpglhydrolysis 5.78561e-08 5.7855939109998864e-08 2.986272399759401e-26 2.9868730394368973e-06 8.822720332091194e-16
vp6gdh 5.78561e-08 5.7855939109998864e-08 2.986272399759401e-26 2.9868730394368973e-06 8.822720332091194e-16
vgssgr 1.088e-07 1.0879993520001627e-07 5.814220415840945e-26 2.216241633822622e-06 5.067168906691677e-16
vru5pe 3.85707e-08 3.857062309000147e-08 1.3054464690049914e-26 2.9622579875810254e-06 8.802625295345479e-16
vr5pi 1.92854e-08 1.9285317599998073e-08 4.906024577182625e-27 3.631934973944105e-06 1.2903789148310807e-15
vtk1 3.85707e-08 3.857062309000147e-08 1.3054464690049914e-26 2.9622579875810254e-06 8.802625295345479e-16
vtk2 3.85707e-08 3.857062309000147e-08 1.3054464690049914e-26 2.9622579875810254e-06 8.802625295345479e-16
vtk3 1.92854e-08 1.9285317599998073e-08 4.906024577182625e-27 3.631934973944105e-06 1.2903789148310807e-15
vtk4 1.92854e-08 1.9285317599998073e-08 4.906024577182625e-27 3.631934973944105e-06 1.2903789148310807e-15
vtk5 1.92854e-08 1.9285317599998073e-08 4.906024577182625e-27 3.631934973944105e-06 1.2903789148310807e-15
vtk6 1.92854e-08 1.9285317599998073e-08 4.906024577182625e-27 3.631934973944105e-06 1.2903789148310807e-15
vta 1.92854e-08 1.9285317599998073e-08 4.906024577182625e-27 3.631934973944105e-06 1.2903789148310807e-15
vak 0.0 1.6127488000000005e-22 1.2543944603399621e-40 69.44649575524423 0.0
vatpase 8.90441e-07 8.903826870000098e-07 1.2643890356786241e-20 0.0001262884560498337 1.5946729714499953e-12
vox 1.088e-07 1.0879993520001627e-07 5.814220415840945e-26 2.216241633822622e-06 5.067168906691677e-16
voxnadh 3.99385e-09 4.032765679999966e-09 1.192445111250272e-22 0.0027077976701855625 7.475752072716446e-10
vlactransport 1.10673e-06 1.1066890809999513e-06 1.6090924736143838e-22 1.1462118041275908e-05 1.3120926567466995e-14
vpyrtransport -2.91797e-09 -2.879041513999973e-09 1.193266526257195e-22 0.0 0.0
vphostransport 0.0 -7.895565800000043e-24 2.6375789273080484e-44 0.0 0.0
vmgatp -4.44089e-16 -3.530505799999983e-18 6.669071286534147e-32 0.0 0.0
vmgadp 1.38778e-17 -4.621307399999992e-19 2.2363766593910037e-34 0.0 0.00011611911100000001
vmgb23pg 1.11022e-16 -4.551911499999988e-18 2.858289956426354e-32 0.0 0.0002318932941597019
vmgb13pg -6.77626e-21 5.895332600000018e-23 2.9645559818753875e-41 92.357361214823 0.0
vmgfru16p2 0.0 -8.998867700000037e-22 3.325243310735898e-39 0.0 0.0
vmgglc16p2 -6.93889e-18 -2.4282650000003056e-21 3.671413419935439e-35 0.0 0.0
vmgphos -1.73472e-18 -5.169477500000001e-20 3.054136100883392e-36 0.0 0.0
vhbmgatp 2.77556e-16 -6.1395334600000276e-18 1.797173612204718e-32 0.0 2.3328606262007737e-05
vhbatp 0.0 -8.60422950000001e-19 1.459730908739132e-33 0.0 0.0
vhbadp 1.38778e-17 -3.8719061999999977e-19 2.767415180478801e-34 0.0 0.00014369215900000002
vhbbpg 4.44089e-16 -2.4425049999999998e-18 3.698714470128e-31 0.0 0.00018754728197248295
vhbb13pg 1.0842e-19 1.8539828000000004e-21 8.58821873830811e-39 49.98570800101185 7.306077779051035e-05
