species_id wild_type mean var CV ER
MgATP 0.00152212 0.0015228036860000644 8.679416002269514e-13 0.0006117885334374049 3.74621376364459e-11
Glc6P 4.10568e-05 4.04877070899998e-05 4.996380742889964e-13 0.017458405662784324 2.964048678308906e-08
MgADP 9.3914e-05 9.239370699000149e-05 2.3968644779757303e-12 0.0167563470802303 2.7175829071168777e-08
B23PG 0.00308725 0.003217249150000027 1.3404293105170108e-08 0.03598630554706109 1.406372342914519e-07
Glc16P2 0.000106204 0.00010646838510000261 1.1197250070740563e-13 0.0031429322690540787 9.927265341547198e-10
GSH 0.00320001 0.003200004279000053 2.6891602009429527e-17 1.6205326240106639e-06 2.365996287778671e-16
Fru6P 1.33196e-05 1.2701171230000105e-05 4.929715336809101e-14 0.01748103530815411 2.778686023099386e-08
Fru16P2 2.33004e-06 2.377206482999962e-06 7.502440748507813e-15 0.03643630939073034 1.381897467298554e-07
ATP 0.000158404 0.0001626085224999982 1.4094531283803353e-11 0.023087771482573387 5.617180111279207e-08
Mg 0.000370341 0.000364113034400003 3.594580358214242e-11 0.016465990954280484 2.620864733259287e-08
AMP 2.94017e-05 2.9059565149999845e-05 2.007594372291526e-13 0.015418739589627304 2.322368251274076e-08
Phos 0.000994883 0.0009948830000000351 -1.300195574035351e-19 nan 0.0
GrnP 2.19974e-05 2.1864684910000516e-05 4.1214085478148036e-13 0.029361592747315476 8.517319982412896e-08
GraP 5.2942e-06 5.543441640000181e-06 3.9281485994432594e-14 0.035753163464916415 1.4014810220346342e-07
MgB23PG 0.000768035 0.0007790311495000084 1.0208529422891199e-10 0.01296960558766106 1.73061778071526e-08
NAD 5.9895e-05 5.9895888970001366e-05 7.882617647324077e-20 4.687466916702649e-06 2.1578072662009618e-15
B13PG 3.68147e-07 3.7938295809998995e-07 9.387343058050801e-17 0.02553839066790018 6.926281808872226e-08
NADH 2.45021e-07 2.441133969999817e-07 7.827125603075185e-20 0.0011460657589195946 1.3037538045823639e-10
P3GA 7.19791e-05 7.275346090000151e-05 5.688874565275086e-13 0.010367153320325687 1.0980282998751534e-08
P2GA 1.20293e-05 1.2156063220000288e-05 1.5387356984498303e-14 0.01020443737370861 1.0633673402660193e-08
PEP 2.02575e-05 2.056062639000029e-05 8.844640303950549e-14 0.014464510673113782 2.1553037309707257e-08
Pyr 5.85717e-05 5.8571302439994813e-05 1.6839742910354537e-20 2.2155565883640197e-06 5.05007147211245e-16
Lac 0.00140443 0.0014044175319997837 2.170496516350727e-16 1.0490188791358922e-05 1.0953182805195638e-14
NADPH 6.40171e-05 6.401712057999978e-05 1.9786160252268422e-19 6.948397013344942e-06 4.834710409795661e-15
NADP 1.07852e-07 1.0787573780000034e-07 1.9229964004916778e-19 0.004065045927038091 1.653187318484406e-09
BPGSP 2.99956e-07 2.905497568999951e-07 6.699750825579635e-17 0.028171424578999488 7.44635168603791e-08
BPGSPB13PG 2.15521e-08 2.1497979629999957e-08 3.337365007746074e-21 0.002687226087599247 7.184962646178405e-10
BPGSPP 6.88542e-07 6.868112805999599e-07 3.405791323551378e-18 0.0026870243231554404 7.183848326430819e-10
BPGSPPP3GA 9.16871e-11 9.243803533999465e-11 5.044135094221197e-25 0.00768320902055716 6.0002623021748746e-09
BPGSPPP2GA 8.37576e-12 8.253282080999773e-12 5.276023163918836e-27 0.008800891321558476 7.520699626606397e-09
BPGSPB23PG 1.66687e-06 1.6808818149999444e-06 1.7078998618386226e-16 0.007774885877155644 6.14693954970047e-09
BPGSPPPhos 1.12298e-06 1.1201582169999945e-06 9.061407374363188e-18 0.002687314272486583 7.185410799914749e-10
P6GL 1.12797e-08 1.0863596619999731e-08 1.6382644118863766e-19 0.03725789953289274 1.2876235140281134e-07
P6G 3.41956e-05 3.6200998590000246e-05 2.237578416898894e-12 0.04132078672070611 1.913541157255727e-07
Ru5P 4.1504e-06 4.0835317049999476e-06 5.54269831316945e-15 0.018231595997032987 3.2176687445428786e-08
GSSG 8.57847e-08 8.794871424000015e-08 3.063852037773452e-18 0.019902351830907158 4.163399776231369e-08
Xu5P 7.57335e-06 7.544242402000105e-06 7.970019881214548e-15 0.011833523245126256 1.3895793404405942e-08
Rib5P 4.89949e-06 4.49142024300006e-06 5.841683557768906e-14 0.05381276677385083 2.433527601736318e-07
TK 1.47938e-07 1.5082604430000285e-07 5.630197204853627e-18 0.015732055230631804 2.572551755124497e-08
TKXu5P 5.35348e-09 5.135845371000089e-09 1.6710662737529996e-20 0.025170097478029865 5.830708167749998e-08
TKG 1.73688e-07 1.7115419260000517e-07 5.575861262053932e-18 0.01379648450377091 1.8482994341129098e-08
TKGRib5P 1.48964e-09 1.3780131830000064e-09 7.672490313640411e-21 0.06356452442729688 3.457591626388146e-07
Sed7P 6.08067e-06 5.52135036299998e-06 7.23298421472306e-14 0.04870947537437999 1.956206275494532e-07
Ery4P 7.38402e-07 7.36768451600005e-07 2.970012121826942e-16 0.02339096234527896 5.4471896142493924e-08
TKGEry4P 1.53141e-09 1.5059380960000202e-09 2.5737173718204817e-22 0.010653033852514598 1.0974327003654416e-08
ADP 0.000110229 0.00011079530799999904 1.2275021647672671e-13 0.003162203130157362 1.0102538781087134e-09
MgB13PG 2.59722e-08 2.652207274000027e-08 2.7567664621245593e-19 0.019796687450193425 4.086791671609191e-08
MgFru16P2 3.46547e-07 3.4663177939999693e-07 1.075758933495334e-16 0.029921895653054646 8.957579558115381e-08
MgGlc16P2 1.57958e-05 1.553162504999942e-05 1.1199011148521728e-13 0.021546311826064677 4.4884503383468834e-08
MgPhos 1.25271e-05 1.2503107499999901e-05 2.075832995782438e-14 0.011523336395641195 1.3227912759650184e-08
Hb 0.00365369 0.0035907585920000556 3.123574163942577e-09 0.01556466230884474 2.3398522185369418e-08
HbMgATP 0.000216893 0.00021325081449999353 1.0191031705365782e-11 0.014969882024939997 2.166342305804925e-08
HbATP 0.000208352 0.00021012421170002007 2.5168267500498183e-12 0.0075500627898843166 5.797729842038635e-09
HbADP 0.000100685 9.896456559000145e-05 1.9812819175849253e-12 0.014223072222166391 1.9544147297767544e-08
HbB23PG 0.00281996 0.0028864736059999326 3.4654745716082835e-09 0.020394533114311428 4.357895584405913e-08
HbB13PG 4.25946e-07 4.276276449999971e-07 3.5243793837718635e-17 0.013882751587221284 1.9425560715280453e-08
vhk 5.61546e-07 5.614715705000019e-07 3.3621264402294007e-21 0.00010327120627238816 1.0662311034081994e-12
vgpi 5.0369e-07 5.036521741000093e-07 3.3825178256753162e-21 0.00011547536243025286 1.3332622006423378e-12
vpfk 5.42261e-07 5.421984685999775e-07 2.5034946880699058e-21 9.228158612395054e-05 8.513823090972039e-13
vald 5.42261e-07 5.421984685999775e-07 2.5034946880699058e-21 9.228158612395054e-05 8.513823090972039e-13
vtpi -5.42261e-07 -5.421984685999775e-07 2.5034946880699058e-21 0.0 0.0
vgapdh 1.10381e-06 1.1036696120000216e-06 1.1291961893460897e-20 9.628211393444155e-05 9.268020573216517e-13
vpgk 8.90441e-07 8.9083997979997e-07 2.9738248436290613e-19 0.0006121501964987746 3.7506377870144545e-11
vpgm 1.10371e-06 1.1036130130000356e-06 2.770526330968237e-20 0.000150821872468587 2.2743223526688895e-12
veno 1.10381e-06 1.1036696120000216e-06 1.1291961893460897e-20 9.628211393444155e-05 9.268020573216517e-13
vpk 1.10381e-06 1.1036696120000216e-06 1.1291961893460897e-20 9.628211393444155e-05 9.268020573216517e-13
vldh 1.09981e-06 1.0996908280000906e-06 1.1167751717587789e-20 9.609754042520644e-05 9.232848929840997e-13
vldhp 6.91181e-09 6.911824280999864e-09 8.763135321357474e-28 4.2828914814877495e-06 1.836708563018874e-15
vbpgsp1 2.13366e-07 2.1283008730001254e-07 3.2704368879355164e-19 0.0026870135912016716 7.18381841047222e-10
vbpgsp2 2.13366e-07 2.1283008730001254e-07 3.2704368879355164e-19 0.0026870135912016716 7.18381841047222e-10
vbpgsp3 9.30727e-11 5.736501817300138e-11 9.170887064701785e-21 1.6693928041728572 0.00010586849023307021
vbpgsp4 -9.30727e-11 -5.736501802000138e-11 9.170887097375585e-21 0.0 0.0
vbpgsp5 9.30727e-11 5.736501802000138e-11 9.170887097375585e-21 1.6693928115991807 0.00010586849061025576
vbpgsp6 -9.30727e-11 -5.736501802000138e-11 9.170887097375585e-21 0.0 0.0
vbpgsp7 -2.1684e-19 -1.6479867900000525e-20 5.541855958746077e-38 0.0 0.0
vbpgsp8 2.13366e-07 2.1283008730001254e-07 3.2704368879355164e-19 0.0026870135912016716 7.18381841047222e-10
vbpgsp9 2.13366e-07 2.1283008730001254e-07 3.2704368879355164e-19 0.0026870135912016716 7.18381841047222e-10
vg6pdh 5.78561e-08 5.781937973001201e-08 3.914619795948954e-21 0.0010821098882544042 1.1694762737102238e-10
vpglhydrolysis 5.78561e-08 5.781937973001201e-08 3.914619795948954e-21 0.0010821098882544042 1.1694762737102238e-10
vp6gdh 5.78561e-08 5.781937973001201e-08 3.914619795948954e-21 0.0010821098882544042 1.1694762737102238e-10
vgssgr 1.088e-07 1.0872692980001539e-07 1.5631889917010526e-20 0.0011499226259817819 1.3205467047638918e-10
vru5pe 3.85707e-08 3.854626269000929e-08 1.739460702028622e-21 0.0010819944523291771 1.1692293837572976e-10
vr5pi 1.92854e-08 1.9273111129998807e-08 4.350055472901752e-22 0.0010821702038457876 1.169600124306669e-10
vtk1 3.85707e-08 3.854626269000929e-08 1.739460702028622e-21 0.0010819944523291771 1.1692293837572976e-10
vtk2 3.85707e-08 3.854626269000929e-08 1.739460702028622e-21 0.0010819944523291771 1.1692293837572976e-10
vtk3 1.92854e-08 1.9273111129998807e-08 4.350055472901752e-22 0.0010821702038457876 1.169600124306669e-10
vtk4 1.92854e-08 1.9273111129998807e-08 4.350055472901752e-22 0.0010821702038457876 1.169600124306669e-10
vtk5 1.92854e-08 1.9273111129998807e-08 4.350055472901752e-22 0.0010821702038457876 1.169600124306669e-10
vtk6 1.92854e-08 1.9273111129998807e-08 4.350055472901752e-22 0.0010821702038457876 1.169600124306669e-10
vta 1.92854e-08 1.9273111129998807e-08 4.350055472901752e-22 0.0010821702038457876 1.169600124306669e-10
vak 0.0 -1.050318780000026e-21 1.1290122143373664e-40 0.0 0.0
vatpase 8.90441e-07 8.9083997979997e-07 2.9738248436290613e-19 0.0006121501964987746 3.7506377870144545e-11
vox 1.088e-07 1.0872692980001539e-07 1.5631889917010526e-20 0.0011499226259817819 1.3205467047638918e-10
voxnadh 3.99385e-09 3.978915455000026e-09 2.098545763940533e-23 0.0011513159227308993 1.3156335378905482e-10
vlactransport 1.10673e-06 1.1066027770000124e-06 1.1116648071213672e-20 9.527855737126125e-05 9.075856954865457e-13
vpyrtransport -2.91797e-09 -2.9329092830000663e-09 2.0909892323575004e-23 0.0 0.0
vphostransport 0.0 -4.2321288900000476e-23 1.7161231156402274e-44 0.0 0.0
vmgatp -4.44089e-16 1.3078438800000168e-17 5.705595643436486e-32 18.263944992877928 0.0
vmgadp 1.38778e-17 1.3877799999996775e-17 1.219208350155656e-46 7.956431714817597e-07 0.0
vmgb23pg 1.11022e-16 4.507487200000035e-18 2.842059410707063e-32 37.4009018066609 0.000230576508679489
vmgb13pg -6.77626e-21 -3.997992840000029e-22 2.503977888737955e-41 0.0 0.0
vmgfru16p2 0.0 -4.781318059999966e-21 3.6476105202748555e-39 0.0 0.0
vmgglc16p2 -6.93889e-18 -2.7339408800001147e-19 3.5162462932021306e-35 0.0 0.0
vmgphos -1.73472e-18 -1.7347200000000637e-18 -6.725344201769487e-49 0.0 0.0
vhbmgatp 2.77556e-16 -5.340151360000131e-18 2.044395517669107e-32 0.0 2.653772443108965e-05
vhbatp 0.0 -6.827773400000844e-19 2.697064278125503e-33 0.0 0.0
vhbadp 1.38778e-17 -1.0824683999999763e-19 2.7216118059114823e-34 0.0 0.000141313916
vhbbpg 4.44089e-16 -9.459152199999828e-18 4.2137944803699025e-31 0.0 0.0002136649660217552
vhbb13pg 1.0842e-19 4.889741699999995e-21 9.414096940822818e-39 19.842821009080463 8.008660068517135e-05
