species_id wild_type mean var CV ER
MgATP 0.00152212 0.0015221265209999705 6.072675660397618e-17 5.119638426469287e-06 2.6261881558298226e-15
Glc6P 4.10568e-05 4.101165306999836e-05 2.7770881283850888e-15 0.001284953927235902 1.647477329225211e-10
MgADP 9.3914e-05 9.391363645999816e-05 1.13087261254442e-16 0.00011323434855320071 1.282168560212682e-12
B23PG 0.00308725 0.0030872738490002618 6.233761794385622e-13 0.00025574075752007365 6.540447383684978e-12
Glc16P2 0.000106204 0.00010620384750001057 1.0591025348504404e-17 3.0642821638031784e-05 9.393325006712417e-14
GSH 0.00320001 0.003200010000000307 -4.845028458294598e-19 nan 0.0
Fru6P 1.33196e-05 1.3306975809999128e-05 2.142247693814712e-16 0.0010999057554775238 1.20750036569639e-10
Fru16P2 2.33004e-06 2.329998847999769e-06 1.2995781701419918e-18 0.0004892665189252402 2.3937295101639223e-11
ATP 0.000158404 0.00015840327799999078 5.872020668946342e-16 0.00015297822698474942 2.340189675376081e-12
Mg 0.000370341 0.0003703366316999663 2.910736820164626e-15 0.0001456816318597989 2.1222239854346016e-12
AMP 2.94017e-05 2.940105119000252e-05 6.40860836893176e-18 8.610314367143095e-05 7.413843650105889e-13
Phos 0.000994883 0.0009948830000000351 -1.300195574035351e-19 nan 0.0
GrnP 2.19974e-05 2.200125811999807e-05 2.9371601568836505e-17 0.00024632942773825437 6.0699506976291675e-12
GraP 5.2942e-06 5.2951455160002514e-06 1.8124064016017944e-18 0.0002542435209182567 6.466274071748046e-12
MgB23PG 0.000768035 0.0007680335185000837 7.195686659064828e-15 0.00011044751470624115 1.2198792531670221e-12
NAD 5.9895e-05 5.9894907460012413e-05 1.2697222402688975e-22 1.8813277656687512e-07 4.9493742437789476e-17
B13PG 3.68147e-07 3.6814902220002066e-07 4.741086402608057e-21 0.00018703172685658983 3.4981647800691462e-12
NADH 2.45021e-07 2.450647142999754e-07 2.1345322248203385e-21 0.00018852570524201156 3.5554234889545456e-12
P3GA 7.19791e-05 7.197924069000045e-05 2.4686931584862356e-17 6.902815979288435e-05 4.764883820840282e-13
P2GA 1.20293e-05 1.2029347860000007e-05 6.768594062792388e-19 6.839229077357508e-05 4.677708220768296e-13
PEP 2.02575e-05 2.02574870399991e-05 3.7939930747463846e-18 9.615296862466211e-05 9.245477161634596e-13
Pyr 5.85717e-05 5.85714238099994e-05 1.2598084806274494e-19 6.059914300132532e-06 3.666933423573937e-15
Lac 0.00140443 0.0014047284049997224 1.1284057176269547e-13 0.00023913341979978019 5.720856366409066e-12
NADPH 6.40171e-05 6.401362134999833e-05 2.303896942897501e-17 7.498236385358343e-05 5.621810683642537e-13
NADP 1.07852e-07 1.1137443039998533e-07 2.301181047425531e-17 0.043071490243439196 1.978310164266972e-07
BPGSP 2.99956e-07 2.999539559999912e-07 3.69374581856939e-21 0.00020261841289232317 4.105354878269907e-12
BPGSPB13PG 2.15521e-08 2.1552148400001718e-08 1.1747687018267362e-25 1.590324007111247e-05 2.531690412865828e-14
BPGSPP 6.88542e-07 6.885414223000144e-07 1.134908562139268e-22 1.5472139196735457e-05 2.3929236370179298e-14
BPGSPPP3GA 9.16871e-11 9.168729076999748e-11 2.407753681196066e-29 5.351763184191296e-05 2.8638067472996907e-13
BPGSPPP2GA 8.37576e-12 8.375771119000133e-12 2.0238014864872644e-31 5.371049491806189e-05 2.8850171140959446e-13
BPGSPB23PG 1.66687e-06 1.6668725300000614e-06 7.914506913966417e-21 5.337151636302452e-05 2.8485040992620726e-13
BPGSPPPhos 1.12298e-06 1.1229792079998603e-06 3.206621382317931e-22 1.594601347449535e-05 2.5378155132926848e-14
P6GL 1.12797e-08 1.1606201689999714e-08 5.2885643014323065e-20 0.019814302145187493 4.156642664356891e-08
P6G 3.41956e-05 3.853974730999723e-05 4.468910313163952e-12 0.054851935493541046 3.8217403901217306e-07
Ru5P 4.1504e-06 4.344898249000095e-06 7.106210155902412e-15 0.01940168338632067 4.125324708987854e-08
GSSG 8.57847e-08 8.398925487999829e-08 1.369286969094235e-18 0.013932322192812574 1.860693331535712e-08
Xu5P 7.57335e-06 7.939615909000282e-06 2.3479124355440224e-14 0.01929929545092121 4.093604109243199e-08
Rib5P 4.89949e-06 5.066468651000146e-06 7.21147300525271e-15 0.01676125878071527 3.0041542711711776e-08
TK 1.47938e-07 1.4699265490000455e-07 1.3703737483871663e-18 0.007963864850111864 6.261516728245376e-09
TKXu5P 5.35348e-09 5.520529250000109e-09 7.716991777024614e-21 0.015912679052366686 2.6926237264768284e-08
TKG 1.73688e-07 1.7440603339998356e-07 1.4925830772512147e-18 0.007004993745070058 4.947649007558396e-09
TKGRib5P 1.48964e-09 1.5599524309999907e-09 8.018373760041197e-22 0.018152305533335925 3.6134632740703056e-08
Sed7P 6.08067e-06 6.553449247000205e-06 2.4337394561138827e-14 0.023804940544037555 6.582202111193869e-08
Ery4P 7.38402e-07 7.31047247600011e-07 6.992627190113803e-17 0.011438649191743302 1.2824919451237537e-08
TKGEry4P 1.53141e-09 1.520856533999961e-09 3.728137466173759e-23 0.004014742641930121 1.5896772532553172e-09
ADP 0.000110229 0.00011022696950000767 1.394092650397063e-17 3.387333454649189e-05 1.147570483084337e-13
MgB13PG 2.59722e-08 2.608051547000134e-08 7.979791142895587e-20 0.010831275225620832 1.1829708622745904e-08
MgFru16P2 3.46547e-07 3.4655358329996334e-07 2.7000020751647024e-20 0.00047414552414124785 2.248221868672573e-11
MgGlc16P2 1.57958e-05 1.579627289999857e-05 1.0775318190451498e-17 0.0002078071200796264 4.318629720501121e-12
MgPhos 1.25271e-05 1.252700942999965e-05 3.33415453173536e-18 0.00014576238240650684 2.1246414516618016e-12
Hb 0.00365369 0.0036536709319998023 1.5465961709015472e-13 0.0001076363681085971 1.158552942470692e-12
HbMgATP 0.000216893 0.00021689281910002194 5.024907882219318e-16 0.00010335199844302915 1.0681587614413957e-12
HbATP 0.000208352 0.0002083514103000025 9.076434485862659e-17 4.572578754315812e-05 2.0910638776072687e-13
HbADP 0.000100685 0.00010068319010000683 5.831722911044596e-17 7.58475353138699e-05 5.752518572599285e-13
HbB23PG 0.00281996 0.0028199713969999122 1.7463801231683545e-13 0.0001481919751761954 2.196063864090547e-12
HbB13PG 4.25946e-07 4.3095450780001327e-07 4.4904306311451686e-17 0.015549361774498779 2.4750210864410428e-08
vhk 5.61546e-07 5.615490035999105e-07 2.682430000339045e-24 2.9165977593988083e-06 8.211209490127658e-16
vgpi 5.0369e-07 5.036881287000293e-07 2.0887623131510237e-23 9.073666154686173e-06 8.239731119630278e-15
vpfk 5.42261e-07 5.422617819000204e-07 9.254789922308075e-25 1.7740844351734237e-06 3.0675462170393074e-16
vald 5.42261e-07 5.422617819000204e-07 9.254789922308075e-25 1.7740844351734237e-06 3.0675462170393074e-16
vtpi -5.42261e-07 -5.422617819000204e-07 9.254789922308075e-25 0.0 0.0
vgapdh 1.10381e-06 1.1038100549999349e-06 8.2071826401745715e-25 8.207345257079997e-07 4.478639681337881e-17
vpgk 8.90441e-07 8.904447951000864e-07 1.6615505878518776e-23 4.577725895940514e-06 2.118416553287261e-15
vpgm 1.10371e-06 1.1037183929998994e-06 1.3429164153699032e-23 3.3202150308541574e-06 1.0927703186780491e-15
veno 1.10381e-06 1.1038100549999349e-06 8.2071826401745715e-25 8.207345257079997e-07 4.478639681337881e-17
vpk 1.10381e-06 1.1038100549999349e-06 8.2071826401745715e-25 8.207345257079997e-07 4.478639681337881e-17
vldh 1.09981e-06 1.0998398120000593e-06 2.6632247082848963e-22 1.4837969343729771e-05 2.2047497161281625e-14
vldhp 6.91181e-09 6.921366070999581e-09 1.4675891809295109e-22 0.00175029169080388 3.0719979549065355e-10
vbpgsp1 2.13366e-07 2.1336627710001766e-07 1.1491179034173435e-23 1.588753484235837e-05 2.5243229728744155e-14
vbpgsp2 2.13366e-07 2.1336627710001766e-07 1.1491179034173435e-23 1.588753484235837e-05 2.5243229728744155e-14
vbpgsp3 9.30727e-11 9.307303618999704e-11 3.979133765443087e-30 2.1432379366728394e-05 4.590317015384926e-14
vbpgsp4 -9.30727e-11 -9.307303352999715e-11 3.980626361149987e-30 0.0 0.0
vbpgsp5 9.30727e-11 9.307303352999715e-11 3.980626361149987e-30 2.1436399306190594e-05 4.592071167763834e-14
vbpgsp6 -9.30727e-11 -9.307303352999715e-11 3.980626361149987e-30 0.0 0.0
vbpgsp7 -2.1684e-19 2.2768339000000304e-21 4.716028663558212e-38 95.37990136326802 0.0
vbpgsp8 2.13366e-07 2.1336627710001766e-07 1.1491179034173435e-23 1.588753484235837e-05 2.5243229728744155e-14
vbpgsp9 2.13366e-07 2.1336627710001766e-07 1.1491179034173435e-23 1.588753484235837e-05 2.5243229728744155e-14
vg6pdh 5.78561e-08 5.786088665999627e-08 3.679248129697795e-23 0.00010483214072544204 1.0991728860432203e-12
vpglhydrolysis 5.78561e-08 5.786088665999627e-08 3.679248129697795e-23 0.00010483214072544204 1.0991728860432203e-12
vp6gdh 5.78561e-08 5.786088665999627e-08 3.679248129697795e-23 0.00010483214072544204 1.0991728860432203e-12
vgssgr 1.088e-07 1.08800000000016e-07 -2.536976671190774e-27 nan 0.0
vru5pe 3.85707e-08 3.8573923170002825e-08 1.6501159109800406e-23 0.00010530849710212628 1.1091497276183304e-12
vr5pi 1.92854e-08 1.9286951650000057e-08 4.165937511921038e-24 0.00010582609817439561 1.1200996796745243e-12
vtk1 3.85707e-08 3.8573923170002825e-08 1.6501159109800406e-23 0.00010530849710212628 1.1091497276183304e-12
vtk2 3.85707e-08 3.8573923170002825e-08 1.6501159109800406e-23 0.00010530849710212628 1.1091497276183304e-12
vtk3 1.92854e-08 1.9286951650000057e-08 4.165937511921038e-24 0.00010582609817439561 1.1200996796745243e-12
vtk4 1.92854e-08 1.9286951650000057e-08 4.165937511921038e-24 0.00010582609817439561 1.1200996796745243e-12
vtk5 1.92854e-08 1.9286951650000057e-08 4.165937511921038e-24 0.00010582609817439561 1.1200996796745243e-12
vtk6 1.92854e-08 1.9286951650000057e-08 4.165937511921038e-24 0.00010582609817439561 1.1200996796745243e-12
vta 1.92854e-08 1.9286951650000057e-08 4.165937511921038e-24 0.00010582609817439561 1.1200996796745243e-12
vak 0.0 -5.0388236000001846e-21 8.246165345948987e-41 0.0 0.0
vatpase 8.90441e-07 8.904447951000864e-07 1.6615505878518776e-23 4.577725895940514e-06 2.118416553287261e-15
vox 1.088e-07 1.08800000000016e-07 -2.536976671190774e-27 nan 0.0
voxnadh 3.99385e-09 3.972527594999577e-09 1.7295057309134717e-22 0.0033105037183774155 1.0842726403059722e-09
vlactransport 1.10673e-06 1.1067587199999152e-06 4.9893490831474255e-22 2.018222264755525e-05 4.0733327821840246e-14
vpyrtransport -2.91797e-09 -2.9488382290001025e-09 4.825642051527539e-22 0.0 0.0
vphostransport 0.0 6.140973299999995e-24 1.1721696754977186e-44 17.630232180912827 0.0
vmgatp -4.44089e-16 -9.308119070000021e-17 5.313336951468144e-32 0.0 0.0
vmgadp 1.38778e-17 7.216455999998957e-20 2.0533780375030834e-34 198.56856088715645 0.00010661729600000001
vmgb23pg 1.11022e-16 9.769902000000281e-19 2.9652833552590704e-32 176.25558708704898 0.00024057367721630615
vmgb13pg -6.77626e-21 1.1302803040000219e-21 2.304964762973082e-41 4.247623212807359 0.0
vmgfru16p2 0.0 -1.0327015960000231e-20 2.4738513327073925e-39 0.0 0.0
vmgglc16p2 -6.93889e-18 5.172943490000049e-19 3.251045572437461e-35 11.022339777083552 0.0
vmgphos -1.73472e-18 3.7261819200000954e-19 2.7091202248603558e-36 4.417230731869578 0.0
vhbmgatp 2.77556e-16 2.775560000000549e-16 -3.756136743045662e-44 nan 0.0
vhbatp 0.0 -4.1300293200000465e-18 1.944618462342093e-33 0.0 0.0
vhbadp 1.38778e-17 1.7805217399999925e-18 2.6208853965394323e-34 9.092362345576928 0.000136083911
vhbbpg 4.44089e-16 -6.137327020000007e-17 3.5260135287932145e-31 0.0 0.00017879029561870615
vhbb13pg 1.0842e-19 1.5926898000000363e-20 7.096670639017338e-39 5.289274740909963 6.0372039e-05
