species_id wild_type mean var CV ER
MgATP 0.00152212 0.001522156904000029 8.0650237414137e-14 0.00018657068379405965 3.481035526498033e-12
Glc6P 4.10568e-05 4.089916503999989e-05 9.186046159879383e-14 0.007410540238092612 5.449522239830973e-09
MgADP 9.3914e-05 9.388758545999971e-05 2.426606746785459e-13 0.005246764000593992 2.751304910630914e-09
B23PG 0.00308725 0.0030895703220000063 1.3694206184637853e-09 0.011977614923750428 1.4367898911560316e-08
Glc16P2 0.000106204 0.00010615885070000344 3.3150775150765943e-15 0.0005423637261738281 2.9390844280552384e-11
GSH 0.00320001 0.003200015221000399 2.084717489782284e-17 1.4268277949324472e-06 2.092548356813495e-16
Fru6P 1.33196e-05 1.3281764899999963e-05 1.3960684290066731e-14 0.008896057154238851 7.869086880529785e-09
Fru16P2 2.33004e-06 2.3430504950000404e-06 1.0828872106373202e-15 0.014044619060637017 1.994603015911256e-08
ATP 0.000158404 0.00015848808310000008 1.2605862030159908e-12 0.007084181215929145 5.023891618027854e-09
Mg 0.000370341 0.0003701647821999998 6.339173806176902e-12 0.006801758882494174 4.6219907331002115e-09
AMP 2.94017e-05 2.932153155999933e-05 1.1186615029395265e-14 0.0036071374811753477 1.2940581961551345e-09
Phos 0.000994883 0.0009948830000000351 -1.300195574035351e-19 nan 0.0
GrnP 2.19974e-05 2.2005505250000197e-05 2.723357978789801e-14 0.007499305079996032 5.628102876942265e-09
GraP 5.2942e-06 5.312203041999993e-06 2.3417477069418153e-15 0.009109517733531225 8.354864597426293e-09
MgB23PG 0.000768035 0.0007682197673000022 1.5274847642842537e-11 0.005087482936679773 2.589493730553727e-09
NAD 5.9895e-05 5.989362757000166e-05 4.956346289228922e-19 1.1754392899677805e-05 1.380986436316789e-14
B13PG 3.68147e-07 3.6836560090000934e-07 1.0214166028201168e-17 0.008676056844002031 7.536338238867123e-09
NADH 2.45021e-07 2.463671167000034e-07 4.873727037661381e-19 0.0028336607858281196 8.118103618004469e-10
P3GA 7.19791e-05 7.199009614000128e-05 5.552961384876327e-14 0.0032733283595180566 1.0717952523719986e-09
P2GA 1.20293e-05 1.2031156999999853e-05 1.5741319556938361e-15 0.0032977154091167484 1.0878284693927042e-09
PEP 2.02575e-05 2.0263116980000087e-05 8.553273562658445e-15 0.00456415021644247 2.0843021152128215e-09
Pyr 5.85717e-05 5.85746400600044e-05 8.758419936282972e-18 5.052464300748449e-05 2.553051992038036e-13
Lac 0.00140443 0.0014046563530000493 2.7307460034664078e-14 0.00011764421213451755 1.384481285171546e-12
NADPH 6.40171e-05 6.402098718999862e-05 6.4762972822400104e-18 3.97503559003407e-05 1.5803278685666556e-13
NADP 1.07852e-07 1.040120865299991e-07 6.4798360971857e-18 0.024473619397882465 5.570672342247729e-08
BPGSP 2.99956e-07 2.9979753820000427e-07 7.826323520406808e-18 0.009331486583519406 8.698466382051073e-09
BPGSPB13PG 2.15521e-08 2.155182150000018e-08 2.6573045901950624e-22 0.0007563741666556603 5.7208712256340275e-11
BPGSPP 6.88542e-07 6.885313891000083e-07 2.7122388895654586e-19 0.0007563803286783391 5.7209359138887806e-11
BPGSPPP3GA 9.16871e-11 9.169953546999857e-11 5.315864959214535e-26 0.0025143158567764445 6.323499102567354e-10
BPGSPPP2GA 8.37576e-12 8.398593802000085e-12 7.581032925398007e-28 0.0032783673384000974 1.0806372476412919e-09
BPGSPB23PG 1.66687e-06 1.6670555430000092e-06 1.7494681916502228e-17 0.002509013253566206 6.296548955342374e-10
BPGSPPPhos 1.12298e-06 1.1229635270000242e-06 7.215356787519561e-19 0.000756420437868852 5.7215514681629995e-11
P6GL 1.12797e-08 1.0155974286000038e-08 4.449342528691831e-19 0.06567896915094189 3.497041149077229e-07
P6G 3.41956e-05 3.24632049899997e-05 9.974819707790677e-12 0.09728841615955884 8.530305755138912e-07
Ru5P 4.1504e-06 3.822821892000054e-06 8.374632009421294e-14 0.07570050940554586 4.861673889333895e-07
GSSG 8.57847e-08 8.229777477999889e-08 3.018749107638992e-18 0.021111807497017108 4.1021104158822655e-08
Xu5P 7.57335e-06 8.499984555000105e-06 1.273888265022162e-13 0.041990160233010214 2.221034378150799e-07
Rib5P 4.89949e-06 4.4650621549999795e-06 7.948184881038931e-14 0.06314027535462796 3.311053585850821e-07
TK 1.47938e-07 1.3492351909999764e-07 1.140321314136991e-17 0.025027989318686394 5.2103602949638005e-08
TKXu5P 5.35348e-09 5.769060256000065e-09 3.131627494610617e-20 0.030674675253242984 1.0926919115032962e-07
TKG 1.73688e-07 1.8663117949999578e-07 1.1525481983809692e-17 0.018190529766912697 3.8204935200347736e-08
TKGRib5P 1.48964e-09 1.3467745989999563e-09 8.525694435995636e-21 0.06855986676377356 3.8420862700445647e-07
Sed7P 6.08067e-06 5.186883123999917e-06 4.2537903250528374e-13 0.12574235138959186 1.1504644669228846e-06
Ery4P 7.38402e-07 5.930050532999962e-07 2.7466763121907375e-15 0.08837823963884568 5.037577649455116e-07
TKGEry4P 1.53141e-09 1.3294963589999981e-09 6.872139437709821e-21 0.06235321184849404 2.9302792213754534e-07
ADP 0.000110229 0.00011024780439999996 3.0162352925528293e-14 0.0015752977744276835 2.482409743098657e-10
MgB13PG 2.59722e-08 2.6277791829999742e-08 1.995297509532291e-19 0.016998670762141007 2.9579456049622088e-08
MgFru16P2 3.46547e-07 3.4962030940000155e-07 1.7455079828198904e-17 0.01194989988595022 1.453441485961271e-08
MgGlc16P2 1.57958e-05 1.584111351000033e-05 3.3093547668212834e-15 0.0036314992377801383 1.3263559061504893e-09
MgPhos 1.25271e-05 1.2521214270000113e-05 7.319348950579667e-15 0.006832659504525994 4.6641376954537075e-09
Hb 0.00365369 0.0036525887950000064 3.3849693949306405e-10 0.005037053813627098 2.5356619439809157e-09
HbMgATP 0.000216893 0.00021683252950000637 1.1068061081551975e-12 0.004851894371193225 2.352775421754494e-09
HbATP 0.000208352 0.00020839362999999588 1.7423062256304808e-13 0.002002985496211411 4.0135543115660256e-10
HbADP 0.000100685 0.00010067169568000134 1.2239513645358945e-13 0.0034751591348242297 1.2073539707779802e-09
HbB23PG 0.00281996 0.002821062390999954 3.751755958905119e-10 0.0068660126513334025 4.7178994971197594e-09
HbB13PG 4.25946e-07 4.5048777749999565e-07 2.771496520882539e-16 0.03695508083188585 1.5275845220907856e-07
vhk 5.61546e-07 5.615551699000382e-07 2.8985147794971846e-23 9.587278198986051e-06 9.201128747804433e-15
vgpi 5.0369e-07 5.036990440999839e-07 2.942226508888567e-23 1.0768790431691462e-05 1.1597744986602265e-14
vpfk 5.42261e-07 5.422698046999838e-07 2.8898410960720985e-23 9.913375555917206e-06 9.820610991084777e-15
vald 5.42261e-07 5.422698046999838e-07 2.8898410960720985e-23 9.913375555917206e-06 9.820610991084777e-15
vtpi -5.42261e-07 -5.422698046999838e-07 2.8898410960720985e-23 0.0 0.0
vgapdh 1.10381e-06 1.10382492200006e-06 1.271083372429202e-22 1.021378762892403e-05 1.0447909204458482e-14
vpgk 8.90441e-07 8.904618883000035e-07 2.7576037947448877e-20 0.00018648787385191113 3.477934806817018e-12
vpgm 1.10371e-06 1.1037101139999883e-06 5.423869320743518e-23 6.672669066650924e-06 4.461941927047519e-15
veno 1.10381e-06 1.10382492200006e-06 1.271083372429202e-22 1.021378762892403e-05 1.0447909204458482e-14
vpk 1.10381e-06 1.10382492200006e-06 1.271083372429202e-22 1.021378762892403e-05 1.0447909204458482e-14
vldh 1.09981e-06 1.099825425999874e-06 3.975809686906316e-21 5.733093678495282e-05 3.28673022131909e-13
vldhp 6.91181e-09 6.911749050999576e-09 1.9354304797657003e-25 6.365035445950327e-05 4.051226798473806e-13
vbpgsp1 2.13366e-07 2.133630862000022e-07 2.6044596012541514e-20 0.0007563791139190017 5.7209378989675486e-11
vbpgsp2 2.13366e-07 2.133630862000022e-07 2.6044596012541514e-20 0.0007563791139190017 5.7209378989675486e-11
vbpgsp3 9.30727e-11 1.1478495252000054e-10 9.443382987724945e-23 0.0846601127971041 1.0901417633409904e-06
vbpgsp4 -9.30727e-11 -1.1478495016000053e-10 9.443372782263397e-23 0.0 0.0
vbpgsp5 9.30727e-11 1.1478495016000053e-10 9.443372782263397e-23 0.08466006879163754 1.0901405852259182e-06
vbpgsp6 -9.30727e-11 -1.1478495016000053e-10 9.443372782263397e-23 0.0 0.0
vbpgsp7 -2.1684e-19 -4.727121099999988e-21 4.784370665497511e-38 0.0 0.0
vbpgsp8 2.13366e-07 2.133630862000022e-07 2.6044596012541514e-20 0.0007563791139190017 5.7209378989675486e-11
vbpgsp9 2.13366e-07 2.133630862000022e-07 2.6044596012541514e-20 0.0007563791139190017 5.7209378989675486e-11
vg6pdh 5.78561e-08 5.785613736000077e-08 4.7361631027659107e-26 3.76152445355844e-06 1.4132028880453617e-15
vpglhydrolysis 5.78561e-08 5.785613736000077e-08 4.7361631027659107e-26 3.76152445355844e-06 1.4132028880453617e-15
vp6gdh 5.78561e-08 5.785613736000077e-08 4.7361631027659107e-26 3.76152445355844e-06 1.4132028880453617e-15
vgssgr 1.088e-07 1.0880053920001402e-07 2.4699392714650924e-25 4.5678526925176225e-06 2.0996981930920812e-15
vru5pe 3.85707e-08 3.8570750579994615e-08 1.8386375548438733e-26 3.515523237914591e-06 1.1755263429336083e-15
vr5pi 1.92854e-08 1.9285378219994936e-08 5.453444741599431e-27 3.8291933664637204e-06 1.3957279776377618e-15
vtk1 3.85707e-08 3.8570750579994615e-08 1.8386375548438733e-26 3.515523237914591e-06 1.1755263429336083e-15
vtk2 3.85707e-08 3.8570750579994615e-08 1.8386375548438733e-26 3.515523237914591e-06 1.1755263429336083e-15
vtk3 1.92854e-08 1.9285378219994936e-08 5.453444741599431e-27 3.8291933664637204e-06 1.3957279776377618e-15
vtk4 1.92854e-08 1.9285378219994936e-08 5.453444741599431e-27 3.8291933664637204e-06 1.3957279776377618e-15
vtk5 1.92854e-08 1.9285378219994936e-08 5.453444741599431e-27 3.8291933664637204e-06 1.3957279776377618e-15
vtk6 1.92854e-08 1.9285378219994936e-08 5.453444741599431e-27 3.8291933664637204e-06 1.3957279776377618e-15
vta 1.92854e-08 1.9285378219994936e-08 5.453444741599431e-27 3.8291933664637204e-06 1.3957279776377618e-15
vak 0.0 5.841138299999947e-22 1.2563850271444676e-40 19.18951007422813 0.0
vatpase 8.90441e-07 8.904618883000035e-07 2.7576037947448877e-20 0.00018648787385191113 3.477934806817018e-12
vox 1.088e-07 1.0880053920001402e-07 2.4699392714650924e-25 4.5678526925176225e-06 2.0996981930920812e-15
voxnadh 3.99385e-09 3.999329037000041e-09 4.3882178841857466e-21 0.016563684713477772 2.7510892746707148e-08
vlactransport 1.10673e-06 1.1067369969999839e-06 3.901703512868228e-21 5.64394410621335e-05 3.1851909998437124e-13
vpyrtransport -2.91797e-09 -2.9124201600001564e-09 4.3970156791371104e-21 0.0 0.0
vphostransport 0.0 -7.804795000000008e-24 2.60019915306213e-44 0.0 0.0
vmgatp -4.44089e-16 1.0080826500000049e-17 5.946729516405945e-32 24.19039458328376 0.0
vmgadp 1.38778e-17 6.647466199999905e-19 2.2009673736630365e-34 22.317763167781923 0.000114280559
vmgb23pg 1.11022e-16 -8.604226699999997e-18 3.1516158481302734e-32 0.0 0.0002556908473563767
vmgb13pg -6.77626e-21 7.216714500000088e-22 2.9670049878934794e-41 7.547786615517597 0.0
vmgfru16p2 0.0 1.4637262999998926e-22 3.7636080127284486e-39 419.1237932431558 0.0
vmgglc16p2 -6.93889e-18 -1.7694583000001715e-20 3.9313818977548406e-35 0.0 0.0
vmgphos -1.73472e-18 -9.228730699999779e-20 2.8972265279687275e-36 0.0 0.0
vhbmgatp 2.77556e-16 4.5130646800000695e-18 1.8873759959959994e-32 30.440911739478242 2.449949808963674e-05
vhbatp 0.0 4.693469180000026e-18 1.6531446477966587e-33 8.662863220605884 0.0
vhbadp 1.38778e-17 2.260693620000018e-18 2.8533926961252646e-34 7.472037863406421 0.00014815635899999998
vhbbpg 4.44089e-16 8.215647940000049e-17 3.3798269330460934e-31 7.076286544830745 0.0001713777475794804
vhbb13pg 1.0842e-19 1.0842000000000398e-19 -2.627087578816206e-51 nan 0.0
