species_id wild_type mean var CV ER
MgATP 0.00152212 0.00152206251099992 7.295159349654176e-15 5.611576684584995e-05 3.148851956957799e-13
Glc6P 4.10568e-05 4.139988999999913e-05 1.267865712876079e-14 0.002719802955988824 7.521475911653752e-10
MgADP 9.3914e-05 9.405302374000413e-05 1.958007921407915e-14 0.0014877654187503595 2.2200042157916044e-10
B23PG 0.00308725 0.003076904998000007 1.0844809027375454e-10 0.003384518303317323 1.137832410813555e-09
Glc16P2 0.000106204 0.00010618585989999187 6.734309457130468e-16 0.00024438798259588854 5.970504801666721e-12
GSH 0.00320001 0.0032000029159997227 2.1031828080324277e-17 1.4331384154229826e-06 2.256306252945706e-16
Fru6P 1.33196e-05 1.3451218499999803e-05 2.1839211919122296e-15 0.0034742163028490354 1.2309901844753667e-09
Fru16P2 2.33004e-06 2.319116637999807e-06 1.208448081203982e-16 0.004740142595760938 2.225877406081267e-09
ATP 0.000158404 0.00015807439329997876 1.0100471572269361e-13 0.0020105241850284995 4.025402840723835e-10
Mg 0.000370341 0.00037104435229997083 5.101077293266684e-13 0.0019248864995780408 3.7192748945091835e-10
AMP 2.94017e-05 2.943403469999879e-05 1.0684998499633076e-15 0.001110548258012912 1.2360315295723013e-10
Phos 0.000994883 0.0009948830000000351 -1.300195574035351e-19 nan 0.0
GrnP 2.19974e-05 2.2016637830000937e-05 1.0414628962315896e-14 0.004635225879804554 2.1522915623739535e-09
GraP 5.2942e-06 5.284450892999843e-06 1.4723183522621562e-16 0.0022961539156388594 5.252923104492879e-10
MgB23PG 0.000768035 0.000766911627000027 1.2500051214604015e-12 0.001457842389882335 2.1190917315339064e-10
NAD 5.9895e-05 5.9894892620008445e-05 8.213903482651565e-21 1.51316053912734e-06 2.9696245462673685e-16
B13PG 3.68147e-07 3.6723252389999954e-07 8.207202436922978e-19 0.0024669277790391833 6.055536336146972e-10
NADH 2.45021e-07 2.4514079390002005e-07 1.1239467781922576e-20 0.0004324712933875286 1.872142643133401e-11
P3GA 7.19791e-05 7.19143279399991e-05 4.235970042919936e-15 0.0009050259121562722 8.175982596503318e-11
P2GA 1.20293e-05 1.2018396809999336e-05 1.2006533570543615e-16 0.0009117216772610413 8.29730215090585e-11
PEP 2.02575e-05 2.023294322999892e-05 6.486018869730586e-16 0.0012587226319935069 1.5805436894833491e-10
Pyr 5.85717e-05 5.8571740870010644e-05 2.685028268347128e-21 8.846801825040037e-07 1.3495871087343403e-16
Lac 0.00140443 0.0014044313309997092 1.228875399876539e-17 2.4960507761659226e-06 5.871081398822753e-16
NADPH 6.40171e-05 6.401912031000658e-05 1.4490773309469328e-18 1.8803386763402954e-05 3.540445714378393e-14
NADP 1.07852e-07 1.0586404490000176e-07 1.4313266889640798e-18 0.01130110476472608 1.2305021117819947e-08
BPGSP 2.99956e-07 3.0076044749996256e-07 6.457654501047981e-19 0.0026718783470654757 7.177276562186919e-10
BPGSPB13PG 2.15521e-08 2.1556147489999817e-08 2.0185189728457626e-23 0.0002084228218301399 4.345654724957626e-12
BPGSPP 6.88542e-07 6.886692600999764e-07 2.0622711876043202e-20 0.0002085269490561406 4.349969451311608e-12
BPGSPPP3GA 9.16871e-11 9.162160421999624e-11 4.093074678875749e-27 0.0006982757221004909 4.868926366530246e-11
BPGSPPP2GA 8.37576e-12 8.360499779999676e-12 2.6268351680052867e-28 0.0019385819788801117 3.7444183501600394e-10
BPGSPB23PG 1.66687e-06 1.6657251990000032e-06 1.3997460507055626e-18 0.0007102663988633657 5.0378564664388395e-11
BPGSPPPhos 1.12298e-06 1.1231890349998933e-06 5.51762666868987e-20 0.00020913335324258735 4.3752774736560695e-12
P6GL 1.12797e-08 1.1294521870002025e-08 7.174555313575804e-21 0.007499453962174091 5.638971388721714e-09
P6G 3.41956e-05 3.551508589000063e-05 7.169413515454888e-13 0.023841245828833877 6.131167396801195e-08
Ru5P 4.1504e-06 3.996095691999845e-06 5.9102003870813854e-15 0.019238234915835168 3.43101247381572e-08
GSSG 8.57847e-08 8.73605380399935e-08 1.0739712524467611e-18 0.011862631183905185 1.4593954305164302e-08
Xu5P 7.57335e-06 7.31361306299973e-06 3.829272312362781e-14 0.026756305507053046 6.67636690101614e-08
Rib5P 4.89949e-06 4.963341354999635e-06 9.596427348999711e-15 0.019736977451251487 3.997678167364516e-08
TK 1.47938e-07 1.5220735799999487e-07 1.0295071160730222e-17 0.02108040881000938 4.704027656521337e-08
TKXu5P 5.35348e-09 5.338912129000269e-09 1.1765308617511943e-21 0.006424641353593647 4.105168212420463e-09
TKG 1.73688e-07 1.6939799559999087e-07 1.0499489037332296e-17 0.019128275358374785 3.480394996928648e-08
TKGRib5P 1.48964e-09 1.5019550379999415e-09 1.0982863822326174e-21 0.02206484431038908 4.94940448666048e-08
Sed7P 6.08067e-06 6.095863731000301e-06 8.950854902022926e-15 0.015520189099813465 2.4208152555371677e-08
Ery4P 7.38402e-07 7.668870067000074e-07 4.040667404235742e-16 0.02621169902234673 7.410838951773524e-08
TKGEry4P 1.53141e-09 1.5537935610000438e-09 2.448678709627503e-22 0.010070999751049088 1.0441162332286424e-08
ADP 0.000110229 0.00011018254350000165 2.3780897349983363e-15 0.0004425897232350866 1.957206421376867e-11
MgB13PG 2.59722e-08 2.5627385180002818e-08 4.4992746077157485e-20 0.008276885625158808 6.669987560126156e-09
MgFru16P2 3.46547e-07 3.453776723000121e-07 1.4681050189578542e-18 0.003508199670827717 1.2224548913586375e-09
MgGlc16P2 1.57958e-05 1.581400509999943e-05 6.676941646488366e-16 0.0016339806749384883 2.6760506068868037e-10
MgPhos 1.25271e-05 1.2550957520000655e-05 5.837650302232489e-16 0.0019250507270309669 3.7199487832317855e-10
Hb 0.00365369 0.0036588841680001236 2.7305097825792643e-11 0.0014281479719357084 2.045409601247883e-10
HbMgATP 0.000216893 0.00021719287720000234 8.897951434794412e-14 0.0013734075704611842 1.8914677091252942e-10
HbATP 0.000208352 0.0002082148051000277 1.473257196680397e-14 0.0005829451304991995 3.39377695723897e-11
HbADP 0.000100685 0.00010078617229998947 9.970332258965463e-15 0.0009907266922713786 9.835123697676806e-11
HbB23PG 0.00281996 0.002814496196999713 3.0274205571847903e-11 0.0019549502580143603 3.807034604896842e-10
HbB13PG 4.25946e-07 4.254911973999585e-07 1.9529397013611493e-19 0.0010386131988086276 1.0764148048458822e-10
vhk 5.61546e-07 5.615488591999356e-07 2.1150307502061592e-23 8.189752808857031e-06 6.639200300639914e-15
vgpi 5.0369e-07 5.036928146000292e-07 2.110290011710143e-23 9.120220033195725e-06 8.339529067313833e-15
vpfk 5.42261e-07 5.422633693999699e-07 2.277437646840716e-23 8.800614130441336e-06 7.733436113710468e-15
vald 5.42261e-07 5.422633693999699e-07 2.277437646840716e-23 8.800614130441336e-06 7.733436113710468e-15
vtpi -5.42261e-07 -5.422633693999699e-07 2.277437646840716e-23 0.0 0.0
vgapdh 1.10381e-06 1.103812759000184e-06 7.470252763888621e-23 7.830188887442127e-06 6.213007885946808e-15
vpgk 8.90441e-07 8.904064983000205e-07 2.493664597666638e-21 5.608293053088176e-05 3.144798754739497e-13
vpgm 1.10371e-06 1.1037438090000789e-06 2.4034457692454553e-21 4.441696531112564e-05 1.9729116118583079e-13
veno 1.10381e-06 1.103812759000184e-06 7.470252763888621e-23 7.830188887442127e-06 6.213007885946808e-15
vpk 1.10381e-06 1.103812759000184e-06 7.470252763888621e-23 7.830188887442127e-06 6.213007885946808e-15
vldh 1.09981e-06 1.0998168240000623e-06 1.0983811467839144e-22 9.529194163566796e-06 9.092038233404764e-15
vldhp 6.91181e-09 6.912032788000025e-09 1.670030246006944e-26 1.8696330594004254e-05 3.495357336902316e-14
vbpgsp1 2.13366e-07 2.1340598339999282e-07 1.969536173098876e-21 0.00020795788360353007 4.32623592505621e-12
vbpgsp2 2.13366e-07 2.1340598339999282e-07 1.969536173098876e-21 0.00020795788360353007 4.32623592505621e-12
vbpgsp3 9.30727e-11 6.709949260000424e-11 2.0010172297588946e-21 0.6666627323899126 2.3099692706983842e-05
vbpgsp4 -9.30727e-11 -6.709949260000424e-11 2.0010172297588946e-21 0.0 0.0
vbpgsp5 9.30727e-11 6.709949260000424e-11 2.0010172297588946e-21 0.6666627323899126 2.3099692706983842e-05
vbpgsp6 -9.30727e-11 -6.709949260000424e-11 2.0010172297588946e-21 0.0 0.0
vbpgsp7 -2.1684e-19 -5.030658000000025e-21 5.807223738346114e-38 0.0 0.0
vbpgsp8 2.13366e-07 2.1340598339999282e-07 1.969536173098876e-21 0.00020795788360353007 4.32623592505621e-12
vbpgsp9 2.13366e-07 2.1340598339999282e-07 1.969536173098876e-21 0.00020795788360353007 4.32623592505621e-12
vg6pdh 5.78561e-08 5.7856123780005895e-08 5.928289702735904e-28 4.208384144187607e-07 6.441513988875159e-17
vpglhydrolysis 5.78561e-08 5.7856123780005895e-08 5.928289702735904e-28 4.208384144187607e-07 6.441513988875159e-17
vp6gdh 5.78561e-08 5.7856123780005895e-08 5.928289702735904e-28 4.208384144187607e-07 6.441513988875159e-17
vgssgr 1.088e-07 1.08800000000016e-07 -2.536976671190774e-27 nan 0.0
vru5pe 3.85707e-08 3.8570730730000934e-08 2.1096112757872908e-27 1.1908124108833334e-06 1.1370904218210853e-16
vr5pi 1.92854e-08 1.928539999999573e-08 1.0610179175222609e-28 5.341124580902646e-07 0.0
vtk1 3.85707e-08 3.8570730730000934e-08 2.1096112757872908e-27 1.1908124108833334e-06 1.1370904218210853e-16
vtk2 3.85707e-08 3.8570730730000934e-08 2.1096112757872908e-27 1.1908124108833334e-06 1.1370904218210853e-16
vtk3 1.92854e-08 1.928539999999573e-08 1.0610179175222609e-28 5.341124580902646e-07 0.0
vtk4 1.92854e-08 1.928539999999573e-08 1.0610179175222609e-28 5.341124580902646e-07 0.0
vtk5 1.92854e-08 1.928539999999573e-08 1.0610179175222609e-28 5.341124580902646e-07 0.0
vtk6 1.92854e-08 1.928539999999573e-08 1.0610179175222609e-28 5.341124580902646e-07 0.0
vta 1.92854e-08 1.928539999999573e-08 1.0610179175222609e-28 5.341124580902646e-07 0.0
vak 0.0 -3.801476510000054e-21 1.6424217580255478e-40 0.0 0.0
vatpase 8.90441e-07 8.904064983000205e-07 2.493664597666638e-21 5.608293053088176e-05 3.144798754739497e-13
vox 1.088e-07 1.08800000000016e-07 -2.536976671190774e-27 nan 0.0
voxnadh 3.99385e-09 3.995796765000013e-09 2.9819768210188795e-24 0.0004321641533922914 1.869480914518107e-11
vlactransport 1.10673e-06 1.1067277699999287e-06 9.677427516534388e-23 8.888718573550831e-06 7.864864315365594e-15
vpyrtransport -2.91797e-09 -2.9162380940002535e-09 2.668567284481094e-24 0.0 0.0
vphostransport 0.0 1.8816178000000156e-23 5.270514545106246e-44 12.20099067727119 0.0
vmgatp -4.44089e-16 -1.0127460780000416e-16 5.045131547623476e-32 0.0 0.0
vmgadp 1.38778e-17 -2.1066500400000156e-18 2.1126655838979226e-34 0.0 0.00010969567600000001
vmgb23pg 1.11022e-16 7.360833300000247e-18 3.6064591671245484e-32 25.79963294748769 0.0002925923224257744
vmgb13pg -6.77626e-21 -3.611751260000066e-22 3.5138894755665216e-41 0.0 0.0
vmgfru16p2 0.0 -4.645806989999987e-21 2.686455142838825e-39 0.0 0.0
vmgglc16p2 -6.93889e-18 -2.109409300000012e-19 3.824528936319663e-35 0.0 0.0
vmgphos -1.73472e-18 2.0174769100000366e-19 3.11751864429711e-36 8.751771231107154 0.0
vhbmgatp 2.77556e-16 2.775560000000549e-16 -3.756136743045662e-44 nan 0.0
vhbatp 0.0 7.849278350000018e-18 1.4082595407919525e-33 4.7809215877662306 0.0
vhbadp 1.38778e-17 -1.3544732799999842e-18 3.010761960245561e-34 0.0 0.00015632742399999998
vhbbpg 4.44089e-16 3.352864789999951e-17 4.887392881250688e-31 20.85079343584866 0.0002478204949890461
vhbb13pg 1.0842e-19 3.112738200000104e-20 7.846082900185192e-39 2.845665514109862 6.674735899999999e-05
