species_id wild_type mean var CV ER
MgATP 0.00152212 0.0015231919199999693 5.451777301357461e-13 0.00048474621453906326 2.3530991533071698e-11
Glc6P 4.10568e-05 4.3646880310000936e-05 5.5521531434642845e-12 0.053985547559857266 3.29375462552961e-07
MgADP 9.3914e-05 9.219746294999846e-05 1.6320934554983375e-12 0.013856499842597781 1.8504797903007297e-08
B23PG 0.00308725 0.003221333369000017 9.979941580956061e-09 0.031011896664630865 1.0470909367303882e-07
Glc16P2 0.000106204 0.00010675067390000108 9.412238495350527e-14 0.002873927686421559 8.344708664287381e-10
GSH 0.00320001 0.003200017420000472 7.182161766358663e-17 2.648349200447067e-06 7.13007430874768e-16
Fru6P 1.33196e-05 1.411588667999989e-05 7.621783541862364e-13 0.06184721415918997 4.296098647795121e-07
Fru16P2 2.33004e-06 2.481608452999992e-06 1.1449970862485694e-14 0.04311902488688619 2.1090050913570303e-07
ATP 0.000158404 0.00016251719760000078 9.002627532717723e-12 0.018462279281645948 3.587872439452244e-08
Mg 0.000370341 0.0003618671028999974 4.329634311222598e-11 0.01818345913316633 3.156804061695828e-08
AMP 2.94017e-05 2.878628925e-05 9.241028860748233e-14 0.010560256776311195 1.0689944307329392e-08
Phos 0.000994883 0.0009948830000000351 -1.300195574035351e-19 nan 0.0
GrnP 2.19974e-05 2.312740192999984e-05 3.7160400285402155e-13 0.026358054019031754 7.679583720971994e-08
GraP 5.2942e-06 5.463579438999989e-06 1.8837855852919907e-14 0.025121089609691415 6.72095181749599e-08
MgB23PG 0.000768035 0.0007816470141000013 1.0637239708379197e-10 0.013194830018886158 1.8032955995139764e-08
NAD 5.9895e-05 5.989537678000314e-05 2.537967963144388e-18 2.6598048071173888e-05 7.072371577265813e-14
B13PG 3.68147e-07 3.795009154999996e-07 7.338061555494581e-17 0.02257240569923454 5.414256404654427e-08
NADH 2.45021e-07 2.446208185999949e-07 2.5311974384221538e-18 0.006503836215491 4.216182544836134e-09
P3GA 7.19791e-05 7.28058559800002e-05 3.7309693510788005e-13 0.008389663236538655 7.201266066214629e-09
P2GA 1.20293e-05 1.2169425469999986e-05 1.0468484270169487e-14 0.008407595849924338 7.234409576439838e-09
PEP 2.02575e-05 2.0580462629999725e-05 5.71728267490765e-14 0.011618222771636533 1.3932144493988829e-08
Pyr 5.85717e-05 5.8555278449999126e-05 3.060186977542846e-17 9.447304876538252e-05 8.920112537502689e-13
Lac 0.00140443 0.0014044565809999863 1.1170888195857157e-14 7.525503033246593e-05 5.663546964740362e-13
NADPH 6.40171e-05 6.403746546999998e-05 6.392440110563161e-17 0.00012485306241097438 1.559822782049025e-12
NADP 1.07852e-07 8.753277564999944e-08 6.392863386329136e-17 0.09134336610429612 5.49590247695686e-07
BPGSP 2.99956e-07 2.9020388389999887e-07 5.094010363893487e-17 0.024593859725622565 5.6616721505886593e-08
BPGSPB13PG 2.15521e-08 2.1495626380000122e-08 1.8133238705216928e-21 0.001981014180806481 3.90387757598365e-10
BPGSPP 6.88542e-07 6.867333162999988e-07 1.850471377492874e-18 0.0019808567450590184 3.903206264532777e-10
BPGSPPP3GA 9.16871e-11 9.249531361000122e-11 3.511828885866574e-25 0.006406885227377599 4.1775039962388405e-09
BPGSPPP2GA 8.37576e-12 8.453958626999882e-12 3.6763643697548954e-27 0.007172146568009144 5.240468312361912e-09
BPGSPB23PG 1.66687e-06 1.68143515500001e-06 1.1566415098396517e-16 0.006396159186703884 4.162893629455766e-09
BPGSPPPhos 1.12298e-06 1.1200310480000212e-06 4.922248928968754e-18 0.0019808506157626762 3.9031885533669096e-10
P6GL 1.12797e-08 1.3151146470000206e-08 1.932622846472354e-18 0.10570850721797292 1.5189798438798085e-06
P6G 3.41956e-05 4.2353184619999904e-05 3.971292739966436e-11 0.14879210214597693 3.3961858266666533e-06
Ru5P 4.1504e-06 4.197098868000008e-06 1.2687903525179964e-13 0.08486834519748868 7.365631016314156e-07
GSSG 8.57847e-08 8.133783064000097e-08 1.7741476365797384e-17 0.051784798816286566 2.410849408359228e-07
Xu5P 7.57335e-06 6.172327467000009e-06 1.9574810700777386e-12 0.22667301766227752 3.412883900821051e-06
Rib5P 4.89949e-06 6.532027341999975e-06 6.443109544576758e-13 0.12288525178121287 2.6840695429900084e-06
TK 1.47938e-07 1.630980220000002e-07 1.8687635561061173e-16 0.08381629972808492 8.538761236918768e-07
TKXu5P 5.35348e-09 5.095826632000063e-09 4.80023995396024e-19 0.13596177618088298 1.6749065398168673e-06
TKG 1.73688e-07 1.585792138999992e-07 1.7127870756385171e-16 0.08252878053881668 5.677586355546716e-07
TKGRib5P 1.48964e-09 1.853200964999991e-09 3.377982027012016e-20 0.09917589983791052 1.52228049738099e-06
Sed7P 6.08067e-06 7.782190527000004e-06 1.1137928802325017e-12 0.13561269900456885 3.012323208949974e-06
Ery4P 7.38402e-07 7.593351022000007e-07 5.633445984797674e-15 0.09884474618322951 1.0332095360716664e-06
TKGEry4P 1.53141e-09 1.3737436149999964e-09 8.90314614266501e-21 0.06868565818229096 3.7963001745102697e-07
ADP 0.000110229 0.00011082291660000212 2.150275148320228e-13 0.004184248240873202 1.7697108009917529e-09
MgB13PG 2.59722e-08 2.577484222999978e-08 1.3877912918288685e-18 0.04570524732733882 2.0573428945701578e-07
MgFru16P2 3.46547e-07 3.542072421999989e-07 7.622432418957982e-17 0.024648435270961815 6.347011648921708e-08
MgGlc16P2 1.57958e-05 1.5249313650000026e-05 9.412708568314914e-14 0.020119028650767763 3.772518342105569e-08
MgPhos 1.25271e-05 1.2287994510000349e-05 2.775400423747305e-14 0.013557568783396316 1.7685793988930776e-08
Hb 0.00365369 0.003588384264000051 2.3188337249543093e-09 0.013419485349578602 1.737025583908869e-08
HbMgATP 0.000216893 0.00021317938350000237 7.665543152854554e-12 0.012987521050721826 1.6294906064828753e-08
HbATP 0.000208352 0.00020989178959999685 1.1155428207612421e-12 0.005032081568862042 2.5697501334409623e-09
HbADP 0.000100685 9.941321964999935e-05 8.443385187268011e-13 0.00924302572591357 8.328888602604501e-09
HbB23PG 0.00281996 0.0028886429600000025 2.5787523581117524e-09 0.017579679507648188 3.2428267134054776e-08
HbB13PG 4.25946e-07 4.885143244999974e-07 1.3646749972776134e-15 0.07562011169428517 7.521771677919675e-07
vhk 5.61546e-07 5.61579629500009e-07 1.1518171961083925e-22 1.911086889034397e-05 3.652198543591112e-14
vgpi 5.0369e-07 5.037234713000256e-07 1.1636877225746686e-22 2.1415392504929316e-05 4.588365243307635e-14
vpfk 5.42261e-07 5.422942315000254e-07 1.1526128727718346e-22 1.9797335728859024e-05 3.920934688039779e-14
vald 5.42261e-07 5.422942315000254e-07 1.1526128727718346e-22 1.9797335728859024e-05 3.920934688039779e-14
vtpi -5.42261e-07 -5.422942315000254e-07 1.1526128727718346e-22 0.0 0.0
vgapdh 1.10381e-06 1.1038737839999681e-06 4.721939120229434e-22 1.9685242643914532e-05 3.8751113429214e-14
vpgk 8.90441e-07 8.910671664999916e-07 1.866051460847423e-19 0.0004847874481610791 2.353495001106154e-11
vpgm 1.10371e-06 1.1037100690000969e-06 3.383261601602082e-23 5.27002633313594e-06 2.782507557697045e-15
veno 1.10381e-06 1.1038737839999681e-06 4.721939120229434e-22 1.9685242643914532e-05 3.8751113429214e-14
vpk 1.10381e-06 1.1038737839999681e-06 4.721939120229434e-22 1.9685242643914532e-05 3.8751113429214e-14
vldh 1.09981e-06 1.1001661340000297e-06 1.4702346375763552e-20 0.00011021356564888141 1.2154989015300543e-12
vldhp 6.91181e-09 6.9117277580000725e-09 1.9821105226452968e-25 6.441356112354025e-05 4.149004251274846e-13
vbpgsp1 2.13366e-07 2.1280667619999676e-07 1.7775493082986045e-19 0.0019811875025088892 3.904552099864844e-10
vbpgsp2 2.13366e-07 2.1280667619999676e-07 1.7775493082986045e-19 0.0019811875025088892 3.904552099864844e-10
vbpgsp3 9.30727e-11 1.637843824199983e-10 4.513752267144873e-22 0.12971684356518928 5.21066429492083e-06
vbpgsp4 -9.30727e-11 -1.6378438339999826e-10 4.513753026041378e-22 0.0 0.0
vbpgsp5 9.30727e-11 1.6378438339999826e-10 4.513753026041378e-22 0.12971685369366803 5.210665170988627e-06
vbpgsp6 -9.30727e-11 -1.6378438339999826e-10 4.513753026041378e-22 0.0 0.0
vbpgsp7 -2.1684e-19 3.1875557000000045e-21 5.168800369979093e-38 71.32423086868529 0.0
vbpgsp8 2.13366e-07 2.1280667619999676e-07 1.7775493082986045e-19 0.0019811875025088892 3.904552099864844e-10
vbpgsp9 2.13366e-07 2.1280667619999676e-07 1.7775493082986045e-19 0.0019811875025088892 3.904552099864844e-10
vg6pdh 5.78561e-08 5.7856159130001525e-08 4.975069627912094e-26 3.8552272465880364e-06 1.4938272840936406e-15
vpglhydrolysis 5.78561e-08 5.7856159130001525e-08 4.975069627912094e-26 3.8552272465880364e-06 1.4938272840936406e-15
vp6gdh 5.78561e-08 5.7856159130001525e-08 4.975069627912094e-26 3.8552272465880364e-06 1.4938272840936406e-15
vgssgr 1.088e-07 1.0880070870001402e-07 2.0467153958140195e-25 4.158119860153842e-06 1.7635004567750911e-15
vru5pe 3.85707e-08 3.857077241999771e-08 2.474577773587792e-26 4.078422534657916e-06 1.646416336598122e-15
vr5pi 1.92854e-08 1.9285386659997115e-08 5.1039300567799464e-27 3.7044522957849227e-06 1.3281931110498136e-15
vtk1 3.85707e-08 3.857077241999771e-08 2.474577773587792e-26 4.078422534657916e-06 1.646416336598122e-15
vtk2 3.85707e-08 3.857077241999771e-08 2.474577773587792e-26 4.078422534657916e-06 1.646416336598122e-15
vtk3 1.92854e-08 1.9285386659997115e-08 5.1039300567799464e-27 3.7044522957849227e-06 1.3281931110498136e-15
vtk4 1.92854e-08 1.9285386659997115e-08 5.1039300567799464e-27 3.7044522957849227e-06 1.3281931110498136e-15
vtk5 1.92854e-08 1.9285386659997115e-08 5.1039300567799464e-27 3.7044522957849227e-06 1.3281931110498136e-15
vtk6 1.92854e-08 1.9285386659997115e-08 5.1039300567799464e-27 3.7044522957849227e-06 1.3281931110498136e-15
vta 1.92854e-08 1.9285386659997115e-08 5.1039300567799464e-27 3.7044522957849227e-06 1.3281931110498136e-15
vak 0.0 -1.0435474999999992e-22 1.297891899887365e-40 0.0 0.0
vatpase 8.90441e-07 8.910671664999916e-07 1.866051460847423e-19 0.0004847874481610791 2.353495001106154e-11
vox 1.088e-07 1.0880070870001402e-07 2.0467153958140195e-25 4.158119860153842e-06 1.7635004567750911e-15
voxnadh 3.99385e-09 3.7076771600000297e-09 1.200844890400863e-20 0.02955572013981152 7.528412636848003e-08
vlactransport 1.10673e-06 1.1070779040000407e-06 1.4765054380623636e-20 0.00010975879807005538 1.205465105513781e-12
vpyrtransport -2.91797e-09 -3.2040504970000737e-09 1.2002815865399921e-20 0.0 0.0
vphostransport 0.0 2.072174399999975e-24 2.913116605824349e-44 82.36688281698859 0.0
vmgatp -4.44089e-16 -3.8413748000000155e-18 6.16988784457359e-32 0.0 0.0
vmgadp 1.38778e-17 3.3306719999999983e-19 2.2325881366813824e-34 44.86136050842493 0.0001159224
vmgb23pg 1.11022e-16 1.0214068000000039e-18 3.1038180090767983e-32 172.4842241355959 0.00025181300482787
vmgb13pg -6.77626e-21 -1.2332795399999956e-22 3.011595955879626e-41 0.0 0.0
vmgfru16p2 0.0 -7.047390999999856e-23 3.962869550917922e-39 0.0 0.0
vmgglc16p2 -6.93889e-18 -6.2448729999995976e-21 3.6529928726862535e-35 0.0 0.0
vmgphos -1.73472e-18 2.8276001000000117e-20 3.087004295159849e-36 62.137049649636026 0.0
vhbmgatp 2.77556e-16 4.64628634e-18 1.901814016574155e-32 29.680967342106147 2.468691398256064e-05
vhbatp 0.0 -1.4405135000000028e-18 1.921927825080041e-33 0.0 0.0
vhbadp 1.38778e-17 -1.0130793999999994e-19 2.877049166309988e-34 0.0 0.000149384671
vhbbpg 4.44089e-16 -1.1057843499999961e-17 3.846646237126216e-31 0.0 0.0001950483207906957
vhbb13pg 1.0842e-19 2.276820100000003e-21 7.536757945732297e-39 38.12971568726932 6.411590276314758e-05
