species_id wild_type mean var CV ER
MgATP 0.00152212 0.0015222984550000633 2.9282936955788395e-15 3.55473728645813e-05 1.2640304358768616e-13
Glc6P 4.10568e-05 4.098692706000026e-05 1.6469138117876186e-15 0.0009901251155709787 9.770137407993929e-11
MgADP 9.3914e-05 9.38191784599988e-05 8.976904921643114e-16 0.0003193535049993832 1.0178078369005306e-11
B23PG 0.00308725 0.0030845871820000008 2.2447653731351913e-12 0.0004857227304436396 2.3551977579305828e-11
Glc16P2 0.000106204 0.00010638043909999571 1.1273352823537528e-14 0.0009980786625052114 9.994736436258478e-11
GSH 0.00320001 0.0032000209460001402 5.3783204018859054e-17 2.2917672786332036e-06 5.383249401802459e-16
Fru6P 1.33196e-05 1.3287034649999937e-05 2.6384931785593745e-16 0.0012225029626900148 1.4872145375210977e-10
Fru16P2 2.33004e-06 2.4673538409999823e-06 8.79939620258605e-15 0.038018501980330244 1.6207876521154852e-07
ATP 0.000158404 0.0001583502367999985 9.359479280214952e-16 0.00019320000193892716 3.730052744455037e-12
Mg 0.000370341 0.00037053220939999514 1.1181583019137647e-14 0.00028538141058903626 8.152664676686072e-12
AMP 2.94017e-05 2.9444204289999503e-05 2.1576594467611743e-15 0.0015775808552458024 2.4959622195730445e-10
Phos 0.000994883 0.0009948830000000351 -1.300195574035351e-19 nan 0.0
GrnP 2.19974e-05 2.2299479360000314e-05 3.24199747019579e-13 0.025533574236206995 6.699925406721263e-08
GraP 5.2942e-06 5.297205197000068e-06 3.806249807210389e-15 0.011646672073182795 1.357990090384842e-08
MgB23PG 0.000768035 0.0007677499214000028 3.593000736293843e-14 0.0002468930543570639 6.091096382832007e-12
NAD 5.9895e-05 5.9895013740000337e-05 3.5837227807584275e-18 3.1606509363608694e-05 9.989564730972233e-14
B13PG 3.68147e-07 3.678108818999985e-07 1.0144510468172164e-20 0.0002738362717929094 7.484942776692094e-12
NADH 2.45021e-07 2.449878901000116e-07 3.577897093801256e-18 0.0077209244922640885 5.959656513154776e-09
P3GA 7.19791e-05 7.198272653999852e-05 8.588618004130148e-16 0.0004071302302484606 1.6577167616382838e-11
P2GA 1.20293e-05 1.2029910639999803e-05 2.4432494886795925e-17 0.00041088615422072284 1.6884451059517857e-11
PEP 2.02575e-05 2.0252950610000244e-05 1.8225981439476379e-16 0.0006665874889628564 4.441393081089373e-11
Pyr 5.85717e-05 5.856430664999871e-05 1.2355473146202998e-17 6.0020095841132995e-05 3.601522635676702e-13
Lac 0.00140443 0.0014044303199999201 1.7538317345855642e-14 9.429610741946184e-05 8.891516189990512e-13
NADPH 6.40171e-05 6.402222790999887e-05 4.992700132688076e-17 0.0001103664207176055 1.2182769015822715e-12
NADP 1.07852e-07 1.0277090087000004e-07 4.99273769343738e-17 0.06875419656534161 4.2922236559731485e-07
BPGSP 2.99956e-07 3.0020166100000036e-07 8.428649217754746e-21 0.0003058200106265136 9.367910336344209e-12
BPGSPB13PG 2.15521e-08 2.1550122559999998e-08 1.510827510084549e-23 0.0001803672557536689 3.252638924866602e-12
BPGSPP 6.88542e-07 6.88476895399987e-07 1.5414446394362903e-20 0.00018033274584374176 3.25136608747556e-12
BPGSPPP3GA 9.16871e-11 9.168311754000153e-11 4.411678762857536e-28 0.00022909339513830864 5.24792301836996e-12
BPGSPPP2GA 8.37576e-12 8.375387844000038e-12 3.722110679611782e-30 0.00023035079434426258 5.305677908129525e-12
BPGSPB23PG 1.66687e-06 1.6667963990000214e-06 1.4586453363624758e-19 0.000229135458141772 5.2498362990149875e-12
BPGSPPPhos 1.12298e-06 1.1228745780000214e-06 4.1030262482923676e-20 0.00018039350553721644 3.2535625971163995e-12
P6GL 1.12797e-08 1.1607822950999402e-08 2.4411982149650774e-18 0.13460176244642763 1.918703843419789e-06
P6G 3.41956e-05 2.9768095670000283e-05 1.1116586119860322e-11 0.11200429212751664 9.506726069659965e-07
Ru5P 4.1504e-06 4.561378558000017e-06 3.996615247097121e-13 0.13859579492283017 2.320130600447867e-06
GSSG 8.57847e-08 7.953177495000103e-08 1.1603303388700155e-17 0.04283020459389197 1.5767468576326495e-07
Xu5P 7.57335e-06 6.353348364000011e-06 5.538497448905005e-13 0.11713678796659233 9.656414596817765e-07
Rib5P 4.89949e-06 5.583001445000017e-06 4.451125718741323e-13 0.11949980322059002 1.8542492396033784e-06
TK 1.47938e-07 1.513208173999986e-07 1.7725815816923092e-16 0.08798414895851414 8.09928620961875e-07
TKXu5P 5.35348e-09 5.487588892000012e-09 5.0392837180295233e-20 0.04090749037331072 1.758314029343122e-07
TKG 1.73688e-07 1.6990621940000137e-07 1.7883270144192818e-16 0.0787071509521911 5.927987898074361e-07
TKGRib5P 1.48964e-09 1.7654214169999985e-09 2.0801706342959768e-20 0.08169605579056013 9.374245222440125e-07
Sed7P 6.08067e-06 7.270056498999914e-06 5.298695809608479e-13 0.10012596344379618 1.4330657564496364e-06
Ery4P 7.38402e-07 8.377322347999986e-07 1.9222576794834573e-14 0.16550098217843015 3.5255418629847935e-06
TKGEry4P 1.53141e-09 1.51992346999999e-09 1.73512116871774e-20 0.08666488855818541 7.398554050478068e-07
ADP 0.000110229 0.00011007317820000022 2.9558044290418752e-15 0.0004939196922182282 2.4326743719438327e-11
MgB13PG 2.59722e-08 2.6613546169999463e-08 6.786413983184634e-19 0.030954046285926958 1.0060576593329263e-07
MgFru16P2 3.46547e-07 3.622238554000019e-07 1.6120691305368202e-16 0.035052159734145376 1.3423302416082362e-07
MgGlc16P2 1.57958e-05 1.561951637999997e-05 1.1271028591548343e-14 0.006796951841918583 4.517314202623357e-09
MgPhos 1.25271e-05 1.256436744000054e-05 1.4001946949293334e-15 0.0029781981207102127 8.922516182785501e-10
Hb 0.00365369 0.00365503005699996 5.587514822434072e-13 0.00020451180953403594 4.18557553061305e-12
HbMgATP 0.000216893 0.00021702756479999655 4.796398920364189e-15 0.0003191117171531654 1.019586912676118e-11
HbATP 0.000208352 0.00020835892120000556 4.845267083357707e-16 0.00010564446802784924 1.1161562785133582e-12
HbADP 0.000100685 0.00010062832050000039 1.372884758577718e-15 0.000368211049972662 1.3542672050448345e-11
HbB23PG 0.00281996 0.0028185643659999907 6.282704018763675e-13 0.00028121944264956634 7.90061425171018e-12
HbB13PG 4.25946e-07 3.905721925000205e-07 2.7989646262826634e-16 0.04283486329843148 1.5427243040887494e-07
vhk 5.61546e-07 5.615880686999412e-07 6.885994357142586e-22 4.6726737457739426e-05 2.1835111496670833e-13
vgpi 5.0369e-07 5.037319453999506e-07 6.892260310867193e-22 5.2117232057242355e-05 2.7165427685105215e-13
vpfk 5.42261e-07 5.423026867000235e-07 6.866671430150251e-22 4.832049531467994e-05 2.335333704195364e-13
vald 5.42261e-07 5.423026867000235e-07 6.866671430150251e-22 4.832049531467994e-05 2.335333704195364e-13
vtpi -5.42261e-07 -5.423026867000235e-07 6.866671430150251e-22 0.0 0.0
vgapdh 1.10381e-06 1.1038908939999982e-06 2.7672616534622628e-21 4.7653956236819924e-05 2.2712347558240253e-13
vpgk 8.90441e-07 8.905445644999975e-07 9.87273483540871e-22 3.5282802943719745e-05 1.245225034196551e-13
vpgm 1.10371e-06 1.103797487000035e-06 2.751239673907058e-21 4.75198227224013e-05 2.2584973891071058e-13
veno 1.10381e-06 1.1038908939999982e-06 2.7672616534622628e-21 4.7653956236819924e-05 2.2712347558240253e-13
vpk 1.10381e-06 1.1038908939999982e-06 2.7672616534622628e-21 4.7653956236819924e-05 2.2712347558240253e-13
vldh 1.09981e-06 1.1004103049999819e-06 5.722290054604956e-20 0.000217385356153802 4.7308148731772806e-12
vldhp 6.91181e-09 6.91152743000001e-09 2.679957587002566e-25 7.490139814333015e-05 5.609816500218301e-13
vbpgsp1 2.13366e-07 2.1334620409997674e-07 1.4791190692943478e-21 0.00018026717292529628 3.248998137195258e-12
vbpgsp2 2.13366e-07 2.1334620409997674e-07 1.4791190692943478e-21 0.00018026717292529628 3.248998137195258e-12
vbpgsp3 9.30727e-11 9.307269546000254e-11 2.092868950113614e-31 4.915285242969172e-06 2.4158786082750795e-15
vbpgsp4 -9.30727e-11 -9.307269520000261e-11 2.0941478879673085e-31 0.0 0.0
vbpgsp5 9.30727e-11 9.307269520000261e-11 2.0941478879673085e-31 4.916786875873145e-06 2.417410716049062e-15
vbpgsp6 -9.30727e-11 -9.307269520000261e-11 2.0941478879673085e-31 0.0 0.0
vbpgsp7 -2.1684e-19 -2.602060999999851e-22 4.835498878894037e-38 0.0 0.0
vbpgsp8 2.13366e-07 2.1334620409997674e-07 1.4791190692943478e-21 0.00018026717292529628 3.248998137195258e-12
vbpgsp9 2.13366e-07 2.1334620409997674e-07 1.4791190692943478e-21 0.00018026717292529628 3.248998137195258e-12
vg6pdh 5.78561e-08 5.785612195000245e-08 5.220957572069483e-26 3.949351259800169e-06 1.5801582264884927e-15
vpglhydrolysis 5.78561e-08 5.785612195000245e-08 5.220957572069483e-26 3.949351259800169e-06 1.5801582264884927e-15
vp6gdh 5.78561e-08 5.785612195000245e-08 5.220957572069483e-26 3.949351259800169e-06 1.5801582264884927e-15
vgssgr 1.088e-07 1.0880079550001365e-07 1.610964408988037e-25 3.6890190855393455e-06 1.3844481117075703e-15
vru5pe 3.85707e-08 3.857074626999783e-08 2.49102552346165e-26 4.091956865055287e-06 1.6608714403787416e-15
vr5pi 1.92854e-08 1.9285377109996107e-08 5.77214454730872e-27 3.9394941831936155e-06 1.4805712211796163e-15
vtk1 3.85707e-08 3.857074626999783e-08 2.49102552346165e-26 4.091956865055287e-06 1.6608714403787416e-15
vtk2 3.85707e-08 3.857074626999783e-08 2.49102552346165e-26 4.091956865055287e-06 1.6608714403787416e-15
vtk3 1.92854e-08 1.9285377109996107e-08 5.77214454730872e-27 3.9394941831936155e-06 1.4805712211796163e-15
vtk4 1.92854e-08 1.9285377109996107e-08 5.77214454730872e-27 3.9394941831936155e-06 1.4805712211796163e-15
vtk5 1.92854e-08 1.9285377109996107e-08 5.77214454730872e-27 3.9394941831936155e-06 1.4805712211796163e-15
vtk6 1.92854e-08 1.9285377109996107e-08 5.77214454730872e-27 3.9394941831936155e-06 1.4805712211796163e-15
vta 1.92854e-08 1.9285377109996107e-08 5.77214454730872e-27 3.9394941831936155e-06 1.4805712211796163e-15
vak 0.0 2.3039790000000353e-23 1.2388532290923024e-40 483.0937426610378 0.0
vatpase 8.90441e-07 8.905445644999975e-07 9.87273483540871e-22 3.5282802943719745e-05 1.245225034196551e-13
vox 1.088e-07 1.0880079550001365e-07 1.610964408988037e-25 3.6890190855393455e-06 1.3844481117075703e-15
voxnadh 3.99385e-09 3.480228613000053e-09 3.8101470488073985e-20 0.05608711420946883 2.3886814544137327e-07
vlactransport 1.10673e-06 1.1073221580000403e-06 5.717093801316539e-20 0.0002159303399463118 4.667594843965617e-12
vpyrtransport -2.91797e-09 -3.4312988950000265e-09 3.810387437696017e-20 0.0 0.0
vphostransport 0.0 4.537706000000073e-25 2.4808964874871887e-44 347.1106731343639 0.0
vmgatp -4.44089e-16 1.9984019999999764e-18 6.295702809923502e-32 125.55651529710603 0.0
vmgadp 1.38778e-17 1.526557999999927e-20 2.1895912706788455e-34 969.32232867075 0.000113689879
vmgb23pg 1.11022e-16 4.518612500000019e-18 2.7876920295881224e-32 36.95024286859674 0.00022616567867459576
vmgb13pg -6.77626e-21 -9.96110399999997e-23 2.9914617904804805e-41 0.0 0.0
vmgfru16p2 0.0 -2.5316084000000044e-21 3.6449606773466435e-39 0.0 0.0
vmgglc16p2 -6.93889e-18 -1.5022675200000026e-19 3.555286643639638e-35 0.0 0.0
vmgphos -1.73472e-18 -1.838805899999997e-20 3.188878006867421e-36 0.0 0.0
vhbmgatp 2.77556e-16 -3.841368800000011e-18 1.888830681670828e-32 0.0 2.451838095610696e-05
vhbatp 0.0 -2.7755592000000083e-19 2.0033507922951614e-33 0.0 0.0
vhbadp 1.38778e-17 -9.853237000000011e-20 2.680994686308753e-34 0.0 0.00013920495828044843
vhbbpg 4.44089e-16 6.039616500000023e-18 3.6725739220767327e-31 100.3404189784778 0.00018622179746269362
vhbb13pg 1.0842e-19 8.89042099999996e-22 8.639060865071518e-39 104.5468470279578 7.349329650469848e-05
