species_id wild_type mean var CV ER
MgATP 0.00152212 0.0015222064700001626 2.101889812238444e-15 3.0118366173206694e-05 9.07487418544406e-14
Glc6P 4.10568e-05 4.1072143240000376e-05 1.9286234954790156e-16 0.0003381242823503481 1.1441347935736701e-11
MgADP 9.3914e-05 9.387778009999884e-05 5.066393289500956e-16 0.00023976547024985923 5.744307796096138e-12
B23PG 0.00308725 0.0030865222920000318 3.5740586041394483e-13 0.0001936918810030104 3.749891497317748e-12
Glc16P2 0.000106204 0.00010603842720000529 4.498976904748196e-15 0.0006325481710816847 3.988707533153501e-11
GSH 0.00320001 0.003200032787999843 6.838605202952319e-16 8.172018441015053e-06 6.688938292143121e-15
Fru6P 1.33196e-05 1.3318688409999599e-05 2.26849767878993e-17 0.00035760839943477213 1.2786627501260029e-11
Fru16P2 2.33004e-06 2.3335457380000062e-06 1.9826616363477904e-16 0.006034037210771997 3.65192500373368e-09
ATP 0.000158404 0.00015841694870000352 1.3286348375883122e-16 7.276142129988184e-05 5.295200722343907e-13
Mg 0.000370341 0.0003704248957000035 7.12086334192463e-15 0.0002278065244937476 5.191934548953725e-12
AMP 2.94017e-05 2.9367693759999493e-05 6.648936679640366e-16 0.0008780237343460717 7.691433389078739e-11
Phos 0.000994883 0.0009948681214999662 2.9939946531655666e-16 1.739241923055424e-05 3.023812311653273e-14
GrnP 2.19974e-05 2.2190472659999803e-05 1.3522821645571521e-14 0.005240432208162288 2.794631920099988e-09
GraP 5.2942e-06 5.3258952509999965e-06 4.584101440483248e-16 0.004020078088671509 1.6355112369526025e-09
MgB23PG 0.000768035 0.0007677570791999885 1.6398200093302158e-14 0.0001667916331481617 2.779930097229766e-12
NAD 5.9895e-05 5.9894634240000965e-05 4.597465708666665e-19 1.1320649182360546e-05 1.2838252683167184e-14
B13PG 3.68147e-07 3.6795664970001073e-07 1.1607433756076668e-20 0.00029280025527355166 8.564339248895436e-12
NADH 2.45021e-07 2.453607226000041e-07 4.502408336881171e-19 0.0027347485325330536 7.499602930671756e-10
P3GA 7.19791e-05 7.199914252000011e-05 1.0956869300899254e-16 0.0001453837666142073 2.1148200968212904e-12
P2GA 1.20293e-05 1.203268723000005e-05 3.112848511002603e-18 0.0001466278156730003 2.1511886050262772e-12
PEP 2.02575e-05 2.026944235999957e-05 5.87670093440035e-17 0.0003782030215328931 1.432062590733807e-11
Pyr 5.85717e-05 5.856947140999883e-05 1.675314206330391e-17 6.988385132267484e-05 4.883293436286351e-13
Lac 0.00140443 0.0014045224539999087 1.340570415905764e-14 8.243585162431959e-05 6.796357920890727e-13
NADPH 6.40171e-05 6.401711420000145e-05 6.351428661228904e-17 0.00012449147694666257 1.5498190952811796e-12
NADP 1.07852e-07 1.0788559235000036e-07 6.351738554771438e-17 0.0738725101589724 5.46054773063176e-07
BPGSP 2.99956e-07 3.000622157999866e-07 4.4407551284135306e-21 0.00022208391307857023 4.935614517087572e-12
BPGSPB13PG 2.15521e-08 2.154865086999986e-08 3.346350326530248e-24 8.489177565200122e-05 7.20426962530496e-13
BPGSPP 6.88542e-07 6.884319193999809e-07 3.0467670123807287e-21 8.017862867076278e-05 6.426546739213279e-13
BPGSPPP3GA 9.16871e-11 9.169803567000031e-11 3.8194764300025387e-29 6.739720473065065e-05 4.543407206014649e-13
BPGSPPP2GA 8.37576e-12 8.376758596999948e-12 3.2220979591773676e-31 6.776311625232219e-05 4.592877189679711e-13
BPGSPB23PG 1.66687e-06 1.667067725000047e-06 1.2604413788092162e-20 6.734542260814433e-05 4.5364911827050493e-13
BPGSPPPhos 1.12298e-06 1.1227891910000425e-06 1.0447925658391576e-20 9.103676440834291e-05 8.284949171155632e-13
P6GL 1.12797e-08 9.344216652000006e-09 8.449052895181613e-19 0.09836964751790513 6.640685776302168e-07
P6G 3.41956e-05 2.8939338679999988e-05 3.423756019449029e-11 0.20219145707611197 2.927941209219498e-06
Ru5P 4.1504e-06 3.3175833039999706e-06 5.391092941023284e-13 0.22131791633710782 3.1296582054994413e-06
GSSG 8.57847e-08 7.35167137700008e-08 1.6552523675296353e-16 0.1750032133833961 2.2492852954421384e-06
Xu5P 7.57335e-06 7.871439543000009e-06 7.308627187013298e-13 0.10860848117020734 1.2742649951999584e-06
Rib5P 4.89949e-06 4.266445908999966e-06 3.325754971423115e-13 0.1351695539198427 1.3854424737721249e-06
TK 1.47938e-07 1.2622502150000093e-07 1.8784634325334121e-16 0.10858152058543337 8.583081947593385e-07
TKXu5P 5.35348e-09 5.6189386500000364e-09 1.2947494706715346e-19 0.06403812105211529 4.5176582351258433e-07
TKG 1.73688e-07 1.9515374440000075e-07 1.8241416529991444e-16 0.06920737733841335 6.046707093364967e-07
TKGRib5P 1.48964e-09 1.4165367090000114e-09 1.2867203645100267e-20 0.08007819099327686 5.798578266057008e-07
Sed7P 6.08067e-06 6.562750283000014e-06 6.660572327578916e-13 0.1243569021946907 1.8013938644568572e-06
Ery4P 7.38402e-07 8.57381552000001e-07 4.894747009266101e-15 0.08160015621158455 8.977274833723125e-07
TKGEry4P 1.53141e-09 1.5857507100000053e-09 8.181825835564376e-21 0.05704140323606908 3.4887293041718783e-07
ADP 0.000110229 0.00011017353629999866 7.752941336787527e-16 0.0002527295124121832 6.380800343652737e-12
MgB13PG 2.59722e-08 2.507537732000046e-08 2.276739486053575e-18 0.06017404314491949 3.3751716357258707e-07
MgFru16P2 3.46547e-07 3.512560353000024e-07 4.256723776741391e-18 0.00587372946335477 3.5444689996166902e-09
MgGlc16P2 1.57958e-05 1.5961546539999996e-05 4.500244049235182e-15 0.004202842009564472 1.8036522813291712e-09
MgPhos 1.25271e-05 1.2470336570000039e-05 3.377175310672879e-15 0.004660136392025853 2.1520507994643444e-09
Hb 0.00365369 0.003654031439999909 8.841369544582318e-14 8.137434237263285e-05 6.622963066860166e-13
HbMgATP 0.000216893 0.000216925471700005 5.564072543461956e-16 0.00010873912683084444 1.1827795631802473e-12
HbATP 0.000208352 0.00020838978679999824 2.2803679392659405e-16 7.246462229236944e-05 5.253106172276034e-13
HbADP 0.000100685 0.00010064222670000094 4.541585323862298e-16 0.00021175004045028152 4.480005122431407e-12
HbB23PG 0.00281996 0.0028195623110000676 1.0053018157784189e-13 0.00011245183242790357 1.264183158156129e-12
HbB13PG 4.25946e-07 4.485609779999771e-07 4.015784402409907e-16 0.04467491185417243 2.2134071072483775e-07
vhk 5.61546e-07 5.615539241000386e-07 5.66289038849314e-23 1.3400703903930051e-05 1.7977552779768758e-14
vgpi 5.0369e-07 5.036977781000272e-07 5.736465236312569e-23 1.5036686593548156e-05 2.2616286621257585e-14
vpfk 5.42261e-07 5.422685490999566e-07 5.698120285431586e-23 1.3920389581448379e-05 1.936255600298864e-14
vald 5.42261e-07 5.422685490999566e-07 5.698120285431586e-23 1.3920389581448379e-05 1.936255600298864e-14
vtpi -5.42261e-07 -5.422685490999566e-07 5.698120285431586e-23 0.0 0.0
vgapdh 1.10381e-06 1.103822316000044e-06 2.3580907857905123e-22 1.3911728412185774e-05 1.935209770209667e-14
vpgk 8.90441e-07 8.904908446999882e-07 7.152614196977908e-22 3.0033292198204054e-05 9.021443592160949e-14
vpgm 1.10371e-06 1.1037294980000237e-06 2.2128333465822257e-22 1.3477573352595293e-05 1.8153434311329873e-14
veno 1.10381e-06 1.103822316000044e-06 2.3580907857905123e-22 1.3911728412185774e-05 1.935209770209667e-14
vpk 1.10381e-06 1.103822316000044e-06 2.3580907857905123e-22 1.3911728412185774e-05 1.935209770209667e-14
vldh 1.09981e-06 1.0998181049999403e-06 3.168852994095356e-23 5.118352371934267e-06 2.6116886431282183e-15
vldhp 6.91181e-09 6.9112131369999715e-09 1.020385060474959e-24 0.00014615973913201645 2.1358964708007023e-12
vbpgsp1 2.13366e-07 2.133316250000249e-07 3.2833452366532577e-22 8.493819616475606e-05 7.212350383589694e-13
vbpgsp2 2.13366e-07 2.133316250000249e-07 3.2833452366532577e-22 8.493819616475606e-05 7.212350383589694e-13
vbpgsp3 9.30727e-11 9.307274062999928e-11 1.744787205321002e-31 4.4879574582122085e-06 2.001110388505367e-15
vbpgsp4 -9.30727e-11 -9.307274083999929e-11 1.7437339623826652e-31 0.0 0.0
vbpgsp5 9.30727e-11 9.307274083999929e-11 1.7437339623826652e-31 4.486602663089355e-06 2.0003332323881294e-15
vbpgsp6 -9.30727e-11 -9.307274083999929e-11 1.7437339623826652e-31 0.0 0.0
vbpgsp7 -2.1684e-19 -1.8431365e-21 4.830934154348619e-38 0.0 0.0
vbpgsp8 2.13366e-07 2.133316250000249e-07 3.2833452366532577e-22 8.493819616475606e-05 7.212350383589694e-13
vbpgsp9 2.13366e-07 2.133316250000249e-07 3.2833452366532577e-22 8.493819616475606e-05 7.212350383589694e-13
vg6pdh 5.78561e-08 5.7856166170001205e-08 4.3548277411820736e-26 3.6069144242171974e-06 1.3178125257695683e-15
vpglhydrolysis 5.78561e-08 5.7856166170001205e-08 4.3548277411820736e-26 3.6069144242171974e-06 1.3178125257695683e-15
vp6gdh 5.78561e-08 5.7856166170001205e-08 4.3548277411820736e-26 3.6069144242171974e-06 1.3178125257695683e-15
vgssgr 1.088e-07 1.0880117220001132e-07 8.913954679598285e-25 8.677640148265856e-06 7.586620220934037e-15
vru5pe 3.85707e-08 3.857077747999877e-08 2.0557320759606957e-26 3.7172764731103502e-06 1.3627765582668872e-15
vr5pi 1.92854e-08 1.9285390099996096e-08 4.995116555666023e-27 3.6647502669368695e-06 1.2854717290622375e-15
vtk1 3.85707e-08 3.857077747999877e-08 2.0557320759606957e-26 3.7172764731103502e-06 1.3627765582668872e-15
vtk2 3.85707e-08 3.857077747999877e-08 2.0557320759606957e-26 3.7172764731103502e-06 1.3627765582668872e-15
vtk3 1.92854e-08 1.9285390099996096e-08 4.995116555666023e-27 3.6647502669368695e-06 1.2854717290622375e-15
vtk4 1.92854e-08 1.9285390099996096e-08 4.995116555666023e-27 3.6647502669368695e-06 1.2854717290622375e-15
vtk5 1.92854e-08 1.9285390099996096e-08 4.995116555666023e-27 3.6647502669368695e-06 1.2854717290622375e-15
vtk6 1.92854e-08 1.9285390099996096e-08 4.995116555666023e-27 3.6647502669368695e-06 1.2854717290622375e-15
vta 1.92854e-08 1.9285390099996096e-08 4.995116555666023e-27 3.6647502669368695e-06 1.2854717290622375e-15
vak 0.0 -3.9979912999999946e-22 1.2251380832383879e-40 0.0 0.0
vatpase 8.90441e-07 8.904908446999882e-07 7.152614196977908e-22 3.0033292198204054e-05 9.021443592160949e-14
vox 1.088e-07 1.0880117220001132e-07 8.913954679598285e-25 8.677640148265856e-06 7.586620220934037e-15
voxnadh 3.99385e-09 4.004596393000031e-09 1.9248857969072842e-22 0.003464525260093774 1.2067615631217166e-09
vlactransport 1.10673e-06 1.1067294600001671e-06 1.81642480947466e-23 3.850944343524694e-06 1.501654356417248e-15
vpyrtransport -2.91797e-09 -2.9066166929999942e-09 2.1103889561145168e-22 0.0 0.0
vphostransport 0.0 3.660382599999997e-24 2.9572741430996594e-44 46.98068133296757 0.0
vmgatp -4.44089e-16 5.662137300000026e-18 6.418619875327128e-32 44.74457960151094 0.0
vmgadp 1.38778e-17 -4.0384398000000255e-19 2.35397815436445e-34 0.0 0.000122225319
vmgb23pg 1.11022e-16 -1.6320266999999987e-18 2.777387971005951e-32 0.0 0.00022532970957269666
vmgb13pg -6.77626e-21 2.0328774400000003e-22 3.0741874960052076e-41 27.274323013904663 0.0
vmgfru16p2 0.0 -7.589397100000034e-22 3.5000373962117956e-39 0.0 0.0
vmgglc16p2 -6.93889e-18 -7.285821699999978e-20 3.7251708958363236e-35 0.0 0.0
vmgphos -1.73472e-18 -1.1102188999999904e-20 3.227009872202826e-36 0.0 0.0
vhbmgatp 2.77556e-16 -5.495610999999983e-19 1.876008637149401e-32 0.0 2.43519415948329e-05
vhbatp 0.0 4.9405043999999955e-19 1.7694540892749106e-33 85.14288444492834 0.0
vhbadp 1.38778e-17 8.465461999999998e-20 2.8859393730496527e-34 200.67484540642008 0.00014984627611418444
vhbbpg 4.44089e-16 9.237042599999992e-18 3.5135244164400505e-31 64.17096074178819 0.0001781570217893765
vhbb13pg 1.0842e-19 4.2283890000000097e-22 7.420688540574197e-39 203.72633274815192 6.31284895082065e-05
