A steady state with given resolution was found.

Species	Concentration (mol/l)	Concentration Rate (mol/(l*s))	Particle Number	Particle Number Rate (1/s)	Transition Time (s)
ADPf	0.187128	-1.38715e-13	1.12691e+23	-8.35359e+10	7.24377
AMPf	0.0722413	1.20933e-13	4.35047e+22	7.28278e+10	2.79649
ATPf	0.183657	-6.66134e-13	1.10601e+23	-4.01155e+11	2.75706e+11
DHAP	0.149233	1.47988e-13	8.98703e+22	8.91206e+10	0.101876
E4P	0.00627176	-1.77603e-16	3.77694e+21	-1.06955e+08	0.265557
Fru16P2	0.0096835	-2.67448e-15	5.83154e+21	-1.61061e+09	0.0066106
Fru6P	0.0153444	-1.47097e-14	9.24064e+21	-8.85837e+09	0.0104751
GSH	3.11403	3.74985e-14	1.87531e+24	2.25821e+10	16.6667
GSSG	0.000186743	-1.87493e-14	1.12459e+20	-1.12911e+10	0.00199895
Glc6P	0.0394896	1.5824e-14	2.37812e+22	9.52946e+09	0.0260779
GlcA6P	0.0250543	1.39296e-17	1.5088e+22	8.38861e+06	0.259133
Glcin	4.5668	-1.78299e-15	2.75019e+24	-1.07374e+09	3.01579
Glcout	5	0	3.01107e+24	0	nan
GraP	0.00606287	-1.30604e-13	3.65115e+21	-7.86516e+10	0.00203662
Gri13P2	0.000480655	-2.6522e-14	2.89457e+20	-1.59719e+10	0.000162752
Gri23P2f	2.06123	1.11103e-13	1.2413e+24	6.69075e+10	4.17212
Gri2P	0.00844208	4.01173e-15	5.08394e+21	2.41592e+09	0.00285852
Gri3P	0.0657639	8.91495e-15	3.9604e+22	5.36871e+09	0.0222679
Lac	1.68031	-4.2346e-13	1.0119e+24	-2.55014e+11	0.550332
Lacex	1.68	0	1.01172e+24	0	nan
MgADP	0.136822	-1.16786e-13	8.2396e+22	-7.03301e+10	0.0252786
MgAMP	0.00243877	-6.26832e-17	1.46866e+21	-3.77487e+07	0.0944055
MgATP	1.41771	8.01008e-13	8.53767e+23	4.82379e+11	0.26193
MgGri23P2	0.687233	-1.11022e-13	4.13862e+23	-6.68592e+10	6.19005e+12
Mgf	0.555793	-5.72894e-13	3.34706e+23	-3.45005e+11	21.5149
NAD	0.0653436	1.64927e-14	3.93509e+22	9.93211e+09	0.0221256
NADH	0.000156372	-1.64927e-14	9.41692e+19	-9.93211e+09	5.2948e-05
NADPHf	0.00488917	-1.87493e-14	2.94433e+21	-1.12911e+10	0.025284
NADPf	2.34376e-05	1.91829e-14	1.41144e+19	1.15522e+10	0.000121206
P1NADP	5.73941e-06	0	3.45636e+18	0	-inf
P1NADPH	0.0239453	0	1.44202e+22	0	-inf
P1f	4.89762e-05	0	2.94941e+19	0	inf
P2NADP	0.00202414	-4.33681e-16	1.21897e+21	-2.61169e+08	4.66736e+12
P2NADPH	0.0211122	0	1.27141e+22	0	-inf
P2f	0.000863632	4.33681e-16	5.20091e+20	2.61169e+08	1.9914e+12
PEP	0.0109396	-1.78299e-15	6.58797e+21	-1.07374e+09	0.00370418
PRPP	1	0	6.02214e+23	0	nan
Phi	0.999225	1.78299e-14	6.01747e+23	1.07374e+10	0.338341
Phiex	1	0	6.02214e+23	0	nan
Pyr	0.08399	-2.45997e-14	5.058e+22	-1.48143e+10	0.0275083
Pyrex	0.084	0	5.0586e+22	0	nan
Rib5P	0.0140053	5.5022e-16	8.43418e+21	3.3135e+08	0.283219
Rul5P	0.00472192	-8.36473e-15	2.84361e+21	-5.03736e+09	0.0488381
Sed7P	0.0154123	2.99487e-16	9.28153e+21	1.80355e+08	0.652584
Xul5P	0.0127437	7.97122e-15	7.67443e+21	4.80038e+09	0.269794

Reaction	Flux (mol/s)	Particle Flux (#/s)
v_1	1.51429	9.1193e+23
v_10	0.494049	2.97523e+23
v_11	2.95331	1.77852e+24
v_12	2.95331	1.77852e+24
v_13	2.95331	1.77852e+24
v_14	2.95331	1.77852e+24
v_15	0.0999495	6.0191e+22
v_16	2.38176	1.43433e+24
v_17	0.0258329	1.55569e+22
v_18	0.0966851	5.82252e+22
v_19	0.0966851	5.82252e+22
v_2	1.51429	9.1193e+23
v_20	0.0934208	5.62593e+22
v_21	0.0934208	5.62593e+22
v_22	0.0472348	2.84455e+22
v_23	0.0494503	2.97797e+22
v_24	0.0236174	1.42227e+22
v_25	0.0236174	1.42227e+22
v_26	0.0258329	1.55569e+22
v_27	0.0236174	1.42227e+22
v_28	0.0774987	4.66708e+22
v_29	-3.05326	-1.83871e+24
v_3	1.41761	8.53705e+23
v_30	0.0999495	6.0191e+22
v_31	-6.66134e-13	-4.01155e+11
v_32	-0.0258329	-1.55569e+22
v_33	0.0258329	1.55569e+22
v_34	1.11022e-13	6.68592e+10
v_35	0	0
v_36	0	0
v_37	4.33681e-16	2.61169e+08
v_38	0	0
v_4	1.46484	8.8215e+23
v_5	1.46484	8.8215e+23
v_6	1.46484	8.8215e+23
v_7	2.95331	1.77852e+24
v_8	2.45926	1.481e+24
v_9	0.494049	2.97523e+23

Jacobian (complete system)

Rows:    Variables of the system, including dependent species
Columns: Variables of the system, including dependent species
	GSH	MgATP	GraP	NADPHf	Fru6P	Mgf	Phi	Pyr	NADPf	Rul5P	Gri3P	Glc6P	Gri13P2	Rib5P	DHAP	Lac	ADPf	Xul5P	Gri2P	Glcin	Gri23P2f	E4P	MgAMP	GlcA6P	P1f	PEP	NADH	Fru16P2	AMPf	P2NADP	P1NADP	Sed7P	MgADP	P2NADPH	ATPf	P1NADPH	MgGri23P2	GSSG	NAD	P2f
GSH	-0.0605722	-0	-0	24.4416	-0	-0	-0	-0	-40.4132	-0	-0	-0	-0	-0	-0	-0	-0	-0	-0	-0	-0	-0	-0	-0	-0	-0	-0	-0	-0	-0	-0	-0	-0	-0	-0	-0	-0	1004.16	-0	-0
MgATP	-0	-1445.84	-0	-0	-131.101	2556.24	-0	-0.201675	-0	-0	-1423.65	25.4533	199285	-1.79822	-0	-0	2839.51	-0	-0	-0.00712473	0.0391394	-0	-51.8169	-0	-0	283.951	-0	400.79	-7407.46	-0	-0	-0	4600.03	-0	7746.99	-0	0.0395622	-0	-0	-0
GraP	-0	-0	-179199	-0	29.282	-0	-265.324	-0	-0	-0	-0	-0	546773	3.27817	5407.1	-0	-0	65.1411	-0	-0	-0	317.81	-0	-0	-0	-0	1.68033e+06	825.677	-0	-0	-0	-81.212	-0	-0	-0	-0	-0	-0	-4041.08	-0
NADPHf	0.000286266	-0.0381691	-0	-9264.35	-0	-0	-0	-1.18998	10136	-7.86283	-0	2.62011	-0	-0	-0	-0	-0	-0	-0	-0	-0.0281517	-0	-0	4.76781	-488950	-0	-0	-0	-0	-0	-0	-0	-0	999.977	-0.0381115	1000.05	-0.0281516	-502.08	-0	-24447.5
Fru6P	-0	-0.0472373	76.2174	-0	-9407.04	5.6002	-0	-0	-0	-0	-0	3579.26	-0	-0	-0	-0	-0	61.6436	-0	-0	-0	-73.2165	-51.7712	-0	-0	-0	-0	-0	-51.7883	-0	-0	79.6864	-0	-0	28.8006	-0	-0	-0	-0	-0
Mgf	-0	1000.04	-0	-0	-0	-4038.33	-0	-0	-0	-0	-0	-0	-0	-0	-0	-0	-731.228	-0	-0	-0	-333.386	-0	1000.01	-0	-0	-0	-0	-0	-33.4028	-0	-0	-0	1000.03	-0	-7719.37	-0	999.995	-0	-0	-0
Phi	-0	1.68011	-43562.4	-0	-0	-0	-365.324	-0	-0	-0	-0	-0	546773	-0	-0	-0	-0	-0	-0	-0	0.0122175	-0	-0	-0	-0	-0	1.68033e+06	-0	-0	-0	-0	-0	-0	-0	-0	-0	0.0119984	-0	-4041.08	-0
Pyr	-0	-1.19139	-0	-20.4444	-0	-0	-0	-10439.2	-0	-0	-0	-0	-0	-0	-0	20.1283	-0	-0	-0	-0	-0	-0	-0	-0	-0	283.971	-235164	400.79	-0	-0	-0	-0	16.8714	-0	-1.18195	-0	-0	-0	517.539	-0
NADPf	-0.000286266	0.0381691	-0	47.698	-0	-0	-0	1.18998	-96735.1	7.86283	-0	-2.62011	-0	-0	-0	-0	-0	-0	-0	-0	0.0281517	-0	-0	-4.76781	-117.194	-0	-0	-0	-0	1000.03	1000.04	-0	-0	-0	0.0381115	-0	0.0281516	502.08	-0	-2343.67
Rul5P	-0	-0.0163483	-0	-8.39459	-0	-0	-0	-0	5705.4	-24153.6	-0	-0	-0	308.14	-0	-0	-0	8599.35	-0	-0	-0.0210124	-0	-0	5.04107	-0	-0	-0	-0	-0	-0	-0	-0	-0	-0	-0.0163064	-0	-0.0210073	-0	-0	-0
Gri3P	-0	-67.0597	-0	-0	-0	-0	-0	-0	-0	-0	-1814.65	-0	199285	-0	-0	-0	-0	-0	2703.11	-0	0.0122175	-0	-0	-0	-0	-0	-0	-0	-0	-0	-0	-0	699.561	-0	-0	-0	0.0123227	-0	-0	-0
Glc6P	-0	1.01305	-0	6.65527	9147.18	0.439098	-0	-0	-4412.17	-0	-0	-3607.34	-0	-0	-0	-0	-0	-0	-0	0.00714913	-0.0321116	-0	-0	0.275766	-0	-0	-0	-0	-0	-0	-0	-0	-0	-0	0.021843	-0	-0.0321038	-0	-0	-0
Gri13P2	-0	67.0597	43562.4	-0	-0	-0	265.324	-0	-0	-0	1423.65	-0	-747148	-0	-0	-0	-0	-0	-0	-0	0.188088	-0	-0	-0	-0	-0	-1.68033e+06	-0	-0	-0	-0	-0	-699.561	-0	-0	-0	0.188042	-0	4041.08	-0
Rib5P	-0	-0.000380708	7.33836	-0	-0	-0	-0	-0	-0	924.395	-0	-0	-0	-313.22	-0	-0	-0	-3.50324	-0	-0	-0	-0	-0	-0	-0	-0	-0	-0	-0	-0	-0	1.52573	-0	-0	-0	-0	-0	-0	-0	-0
DHAP	-0	-0	133088	-0	-0	-0	-0	-0	-0	-0	-0	-0	-0	-0	-5512.95	-0	-0	-0	-0	-0	-0	-0	-0	-0	-0	-0	-0	825.688	-0	-0	-0	-0	-0	-0	-0	-0	-0	-0	-0	-0
Lac	-0	-0	-0	20.4672	-0	-0	-0	439.023	-0	-0	-0	-0	-0	-0	-0	-10020.6	-0	-0	-0	-0	-0	-0	-0	-0	-0	-0	235164	-0	-0	-0	-0	-0	-0	-0	-0	-0	-0	-0	-517.539	-0
ADPf	-0	374.833	-0	-0	-0	-246.223	-0	-0	-0	-0	-0	-0	-0	-0	-0	-0	-3570.74	-0	-0	-0	-0	-0	-0	-0	-0	-0	-0	-0	7355.67	-0	-0	-0	-2883.56	-0	-0	-0	-0	-0	-0	-0
Xul5P	-0	-0	133.779	-0	49.7443	-0	-0	-0	-0	23221.4	-0	-0	-0	-3.27892	-0	-0	-0	-8664.5	-0	-0	-0	-122.282	-0	-0	-0	-0	-0	-0	-0	-0	-0	1.52573	-0	-0	-0	-0	-0	-0	-0	-0
Gri2P	-0	-0	-0	-0	-0	-0	-0	-0	-0	-0	391.001	-0	-0	-0	-0	-0	-0	-0	-4171.71	-0	-0	-0	-0	-0	-0	868.477	-0	-0	-0	-0	-0	-0	-0	-0	-0	-0	-0	-0	-0	-0
Glcin	-0	-0.991197	-0	-0	-0	-0.439098	-0	-0	-0	-0	-0	25.4561	-0	-0	-0	-0	-0	-0	-0	-3.60309	0.0392475	-0	-0	-0	-0	-0	-0	-0	-0	-0	-0	-0	-0	-0	-0	-0	0.0392379	-0	-0	-0
Gri23P2f	-0	-0	-0	-0	-0	-1236.69	-0	-0	-0	-0	-0	-0	1090.19	-0	-0	-0	-0	-0	-0	-0	-333.586	-0	-0	-0	-0	-0	-0	-0	-0	-0	-0	-0	-0	-0	-0	-0	999.795	-0	-0	-0
E4P	-0	-0	329.1	-0	-29.2684	-0	-0	-0	-0	-0	-0	-0	-0	-0	-0	-0	-0	-61.6408	-0	-0	-0	-317.774	-0	-0	-0	-0	-0	-0	-0	-0	-0	79.6877	-0	-0	-0	-0	-0	-0	-0	-0
MgAMP	-0	0.000380708	-0	-0	-0	4.34195	-0	-0	-0	-0	-0	-0	-0	1.80046	-0	-0	-0	-0	-0	-0	-0	-0	-1000.01	-0	-0	-0	-0	-0	33.4028	-0	-0	-0	-0	-0	-0	-0	-0	-0	-0	-0
GlcA6P	-0	-0.00547237	-0	1.75641	-0	-0	-0	-0	-1295.01	7.86283	-0	2.62011	-0	-0	-0	-0	-0	-0	-0	-0	0.0138731	-0	-0	-5.31434	-0	-0	-0	-0	-0	-0	-0	-0	-0	-0	-0.00549867	-0	0.013863	-0	-0	-0
P1f	-0	-0	-0	-4898.02	-0	-0	-0	-0	-244.878	-0	-0	-0	-0	-0	-0	-0	-0	-0	-0	-0	-0	-0	-0	-0	-489068	-0	-0	-0	-0	-0	1000.04	-0	-0	-0	-0	1000.05	-0	-0	-0	-0
PEP	-0	1.19139	-0	-0	-0	-0	-0	0.204329	-0	-0	-0	-0	-0	-0	-0	-0	-0	-0	1468.6	-0	-0	-0	-0	-0	-0	-1152.45	-0	-400.79	-0	-0	-0	-0	-16.8714	-0	1.18195	-0	-0	-0	-0	-0
NADH	-0	-0	43562.4	-0	-0	-0	265.324	-437.831	-0	-0	-0	-0	-546773	-0	-0	20.1283	-0	-0	-0	-0	-0	-0	-0	-0	-0	-0	-1.9155e+06	-0	-0	-0	-0	-0	-0	-0	-0	-0	-0	-0	4558.62	-0
Fru16P2	-0	0.0472373	1106.28	-0	131.101	-5.6002	-0	-0	-0	-0	-0	-0	-0	-0	52.9281	-0	-0	-0	-0	-0	-0	-0	51.7712	-0	-0	-0	-0	-825.688	51.7883	-0	-0	-0	-0	-0	-28.8006	-0	-0	-0	-0	-0
AMPf	-0	-374.833	-0	-0	-0	-4.34195	-0	-0	-0	-0	-0	-0	-0	-0	-0	-0	2839.51	-0	-0	-0	-0	-0	1000.01	-0	-0	-0	-0	-0	-7389.07	-0	-0	-0	3883.59	-0	-0	-0	-0	-0	-0	-0
P2NADP	-0	-0	-0	-0	-0	-0	-0	-0	86354.3	-0	-0	-0	-0	-0	-0	-0	-0	-0	-0	-0	-0	-0	-0	-0	-0	-0	-0	-0	-0	-1000.03	-0	-0	-0	-0	-0	-0	-0	-0	-0	2343.67
P1NADP	-0	-0	-0	-0	-0	-0	-0	-0	244.878	-0	-0	-0	-0	-0	-0	-0	-0	-0	-0	-0	-0	-0	-0	-0	117.194	-0	-0	-0	-0	-0	-1000.04	-0	-0	-0	-0	-0	-0	-0	-0	-0
Sed7P	-0	-0	-209.998	-0	79.0128	-0	-0	-0	-0	-0	-0	-0	-0	3.27892	-0	-0	-0	3.50324	-0	-0	-0	195.492	-0	-0	-0	-0	-0	-0	-0	-0	-0	-81.2135	-0	-0	-0	-0	-0	-0	-0	-0
MgADP	-0	445.803	-0	-0	131.101	241.062	-0	0.204329	-0	-0	1423.65	-25.4533	-199285	-0	-0	-0	-2108.28	-0	-0	0.00712473	-0.0392475	-0	51.8169	-0	-0	-283.971	-0	-400.79	7407.46	-0	-0	-0	-5600.06	-0	-27.6193	-0	-0.0392379	-0	-0	-0
P2NADPH	-0	-0	-0	4318.63	-0	-0	-0	-0	-0	-0	-0	-0	-0	-0	-0	-0	-0	-0	-0	-0	-0	-0	-0	-0	-0	-0	-0	-0	-0	-0	-0	-0	-0	-999.977	-0	-0	-0	-0	-0	24447.5
ATPf	-0	1000.04	-0	-0	-0	-2551.08	-0	-0	-0	-0	-0	-0	-0	-0	-0	-0	-0	-0	-0	-0	-0	-0	-0	-0	-0	-0	-0	-0	-0	-0	-0	-0	-0	-0	-7719.37	-0	-0	-0	-0	-0
P1NADPH	-0	-0	-0	4898.02	-0	-0	-0	-0	-0	-0	-0	-0	-0	-0	-0	-0	-0	-0	-0	-0	-0	-0	-0	-0	488950	-0	-0	-0	-0	-0	-0	-0	-0	-0	-0	-1000.05	-0	-0	-0	-0
MgGri23P2	-0	-0	-0	-0	-0	1236.69	-0	-0	-0	-0	-0	-0	-0	-0	-0	-0	-0	-0	-0	-0	333.386	-0	-0	-0	-0	-0	-0	-0	-0	-0	-0	-0	-0	-0	-0	-0	-999.995	-0	-0	-0
GSSG	0.0302861	-0	-0	-12.2208	-0	-0	-0	-0	20.2066	-0	-0	-0	-0	-0	-0	-0	-0	-0	-0	-0	-0	-0	-0	-0	-0	-0	-0	-0	-0	-0	-0	-0	-0	-0	-0	-0	-0	-502.08	-0	-0
NAD	-0	-0	-43562.4	-0	-0	-0	-265.324	437.831	-0	-0	-0	-0	546773	-0	-0	-20.1283	-0	-0	-0	-0	-0	-0	-0	-0	-0	-0	1.9155e+06	-0	-0	-0	-0	-0	-0	-0	-0	-0	-0	-0	-4558.62	-0
P2f	-0	-0	-0	-4318.63	-0	-0	-0	-0	-86354.3	-0	-0	-0	-0	-0	-0	-0	-0	-0	-0	-0	-0	-0	-0	-0	-0	-0	-0	-0	-0	1000.03	-0	-0	-0	999.977	-0	-0	-0	-0	-0	-26791.2

Eigenvalues	real	imaginary
	0.000153052	0
	4.83196e-11	0
	1.43479e-11	0
	0	0
	0	0
	-2.56616e-10	0
	-1.13774e-07	0
	-0.175827	0
	-3.05791	0
	-3.61529	0
	-5.65305	0
	-8.53953	0
	-28.9114	-27.4034
	-28.9114	27.4034
	-95.4898	-1.59767
	-95.4898	1.59767
	-119.502	0
	-347.128	0
	-388.055	0
	-502.588	0
	-582.728	0
	-1000.04	0
	-1017.39	0
	-1027.74	-84.469
	-1027.74	84.469
	-1718.29	0
	-2495.62	0
	-4782.46	0
	-10000.4	0
	-10304.9	0
	-11598.7	0
	-12921	0
	-14680.4	0
	-29297.5	0
	-32529.9	0
	-100439	0
	-142462	0
	-210720	0
	-495011	0
	-2.50047e+06	0

Jacobian (reduced system)

Rows:    Independent variables of the system
Columns: Independent variables of the system
	GSH	MgATP	GraP	NADPHf	Fru6P	Mgf	Phi	Pyr	NADPf	Rul5P	Gri3P	Glc6P	Gri13P2	Rib5P	DHAP	Lac	ADPf	Xul5P	Gri2P	Glcin	Gri23P2f	E4P	MgAMP	GlcA6P	P1f	PEP	NADH	Fru16P2	AMPf	P2NADP	P1NADP	Sed7P	MgADP
GSH	-502.189	-0	-0	24.4416	-0	-0	-0	-0	-40.4132	-0	-0	-0	-0	-0	-0	-0	-0	-0	-0	-0	-0	-0	-0	-0	-0	-0	-0	-0	-0	-0	-0	-0	-0
MgATP	-0	-9192.84	-0	-0	-131.101	2556.2	-0	-0.201675	-0	-0	-1423.65	25.4533	199285	-1.79822	-0	-0	-4907.38	-0	-0	-0.00712473	0.0391394	-0	-7727.29	-0	-0	283.951	-0	400.79	-15158.7	-0	-0	-0	-3146.33
GraP	-0	-0	-179199	-0	29.282	-0	-265.324	-0	-0	-0	-0	-0	546773	3.27817	5407.1	-0	-0	65.1411	-0	-0	-0	317.81	-0	-0	-0	-0	1.68427e+06	825.677	-0	-0	-0	-81.212	-0
NADPHf	251.065	0.0281478	-0	-34709.9	-0	0.0281704	-0	-1.18998	-15176.3	-7.86283	-0	2.62011	-0	-0	-0	-0	0.0381495	-0	-0	-0	-0.0281517	-0	0.0685408	4.76781	-464476	-0	-0	-0	0.0383688	-1000.14	-906.702	-0	0.0663748
Fru6P	-0	-28.8426	76.2174	-0	-9407.04	5.6002	-0	-0	-0	-0	-0	3579.26	-0	-0	-0	-0	-28.7932	61.6436	-0	-0	-0	-73.2165	-80.4212	-0	-0	-0	-0	-0	-80.5969	-0	-0	79.6864	-28.7945
Mgf	-0	7719.39	-0	-0	-0	-5038.4	-0	-0	-0	-0	-0	-0	-0	-0	-0	-0	6988.05	-0	-0	-0	-333.386	-0	7646.5	-0	-0	-0	-0	-0	7690.19	-0	-0	-0	7718.71
Phi	-0	1.668	-43562.4	-0	-0	-0.0124311	-365.324	-0	-0	-0	-0	-0	546773	-0	-0	-0	-0	-0	-0	-0	0.0122175	-0	-0	-0	-0	-0	1.68427e+06	-0	-0	-0	-0	-0	-0.0130306
Pyr	-0	-0.0121041	-0	-20.4444	-0	-0	-0	-10439.2	-0	-0	-0	-0	-0	-0	-0	20.1283	1.17791	-0	-0	-0	-0	-0	1.18804	-0	-0	283.971	-235665	400.79	1.18461	-0	-0	-0	18.054
NADPf	-251.065	-0.0281478	-0	-2296.03	-0	-0.0281704	-0	1.18998	-99075.8	7.86283	-0	-2.62011	-0	-0	-0	-0	-0.0381495	-0	-0	-0	0.0281517	-0	-0.0685408	-4.76781	2229.27	-0	-0	-0	-0.0383688	1000.03	1000.04	-0	-0.0663748
Rul5P	-0	0.0210102	-0	-8.39459	-0	0.0210276	-0	-0	5705.4	-24153.6	-0	-0	-0	308.14	-0	-0	0.0163391	8599.35	-0	-0	-0.0210124	-0	0.0371263	5.04107	-0	-0	-0	-0	0.0163887	-0	-0	-0	0.0373613
Gri3P	-0	-67.0719	-0	-0	-0	-0.0120301	-0	-0	-0	-0	-1814.65	-0	199285	-0	-0	-0	-0	-0	2703.11	-0	0.0122175	-0	-0	-0	-0	-0	-0	-0	-0	-0	-0	-0	699.55
Glc6P	-0	1.02342	-0	6.65527	9147.18	0.470777	-0	-0	-4412.17	-0	-0	-3607.34	-0	-0	-0	-0	-0.0214381	-0	-0	0.00714913	-0.0321116	-0	-0.0456939	0.275766	-0	-0	-0	-0	-0.0215945	-0	-0	-0	0.00895857
Gri13P2	-0	66.8716	43562.4	-0	-0	-0.18802	265.324	-0	-0	-0	1423.65	-0	-747148	-0	-0	-0	-0	-0	-0	-0	0.188088	-0	-0.171352	-0	-0	-0	-1.68427e+06	-0	-0	-0	-0	-0	-699.749
Rib5P	-0	-0.000380708	7.33836	-0	-0	-0	-0	-0	-0	924.395	-0	-0	-0	-313.22	-0	-0	-0	-3.50324	-0	-0	-0	-0	-0	-0	-0	-0	-0	-0	-0	-0	-0	1.52573	-0
DHAP	-0	-0	133088	-0	-0	-0	-0	-0	-0	-0	-0	-0	-0	-0	-5512.95	-0	-0	-0	-0	-0	-0	-0	-0	-0	-0	-0	-0	825.688	-0	-0	-0	-0	-0
Lac	-0	-0	-0	20.4672	-0	-0	-0	439.023	-0	-0	-0	-0	-0	-0	-0	-10020.6	-0	-0	-0	-0	-0	-0	-0	-0	-0	-0	235665	-0	-0	-0	-0	-0	-0
ADPf	-0	374.833	-0	-0	-0	-246.223	-0	-0	-0	-0	-0	-0	-0	-0	-0	-0	-3570.74	-0	-0	-0	-0	-0	-0	-0	-0	-0	-0	-0	7355.67	-0	-0	-0	-2883.56
Xul5P	-0	-0	133.779	-0	49.7443	-0	-0	-0	-0	23221.4	-0	-0	-0	-3.27892	-0	-0	-0	-8664.5	-0	-0	-0	-122.282	-0	-0	-0	-0	-0	-0	-0	-0	-0	1.52573	-0
Gri2P	-0	-0	-0	-0	-0	-0	-0	-0	-0	-0	391.001	-0	-0	-0	-0	-0	-0	-0	-4171.71	-0	-0	-0	-0	-0	-0	868.477	-0	-0	-0	-0	-0	-0	-0
Glcin	-0	-1.03057	-0	-0	-0	-0.477995	-0	-0	-0	-0	-0	25.4561	-0	-0	-0	-0	-0	-0	-0	-3.60309	0.0392475	-0	-0	-0	-0	-0	-0	-0	-0	-0	-0	-0	-0.0382775
Gri23P2f	-0	-999.799	-0	-0	-0	-2236.56	-0	-0	-0	-0	-0	-0	1090.19	-0	-0	-0	-0	-0	-0	-0	-333.586	-0	-1001.36	-0	-0	-0	-0	-0	-0	-0	-0	-0	-999.832
E4P	-0	-0	329.1	-0	-29.2684	-0	-0	-0	-0	-0	-0	-0	-0	-0	-0	-0	-0	-61.6408	-0	-0	-0	-317.774	-0	-0	-0	-0	-0	-0	-0	-0	-0	79.6877	-0
MgAMP	-0	0.000380708	-0	-0	-0	4.34195	-0	-0	-0	-0	-0	-0	-0	1.80046	-0	-0	-0	-0	-0	-0	-0	-0	-1000.01	-0	-0	-0	-0	-0	33.4028	-0	-0	-0	-0
GlcA6P	-0	-0.0138725	-0	1.75641	-0	-0.0138847	-0	-0	-1295.01	7.86283	-0	2.62011	-0	-0	-0	-0	0.00547119	-0	-0	-0	0.0138731	-0	-0.00571174	-5.31434	-0	-0	-0	-0	0.00559144	-0	-0	-0	-0.00834776
P1f	-0	-0	-0	-4898.02	-0	-0	-0	-0	-244.878	-0	-0	-0	-0	-0	-0	-0	-0	-0	-0	-0	-0	-0	-0	-0	-490059	-0	-0	-0	-0	-0	93.3413	-0	-0
PEP	-0	0.0121041	-0	-0	-0	-0	-0	0.204329	-0	-0	-0	-0	-0	-0	-0	-0	-1.17791	-0	1468.6	-0	-0	-0	-1.18804	-0	-0	-1152.45	-0	-400.79	-1.18461	-0	-0	-0	-18.054
NADH	-0	-0	43562.4	-0	-0	-0	265.324	-437.831	-0	-0	-0	-0	-546773	-0	-0	20.1283	-0	-0	-0	-0	-0	-0	-0	-0	-0	-0	-1.91993e+06	-0	-0	-0	-0	-0	-0
Fru16P2	-0	28.8426	1106.28	-0	131.101	-5.6002	-0	-0	-0	-0	-0	-0	-0	-0	52.9281	-0	28.7932	-0	-0	-0	-0	-0	80.4212	-0	-0	-0	-0	-825.688	80.5969	-0	-0	-0	28.7945
AMPf	-0	-374.833	-0	-0	-0	-4.34195	-0	-0	-0	-0	-0	-0	-0	-0	-0	-0	2839.51	-0	-0	-0	-0	-0	1000.01	-0	-0	-0	-0	-0	-7389.07	-0	-0	-0	3883.59
P2NADP	-0	-0	-0	2343.72	-0	-0	-0	-0	88694.9	-0	-0	-0	-0	-0	-0	-0	-0	-0	-0	-0	-0	-0	-0	-0	-2346.47	-0	-0	-0	-0	-1000.03	-0	-0	-0
P1NADP	-0	-0	-0	-0	-0	-0	-0	-0	244.878	-0	-0	-0	-0	-0	-0	-0	-0	-0	-0	-0	-0	-0	-0	-0	117.194	-0	-0	-0	-0	-0	-1000.04	-0	-0
Sed7P	-0	-0	-209.998	-0	79.0128	-0	-0	-0	-0	-0	-0	-0	-0	3.27892	-0	-0	-0	3.50324	-0	-0	-0	195.492	-0	-0	-0	-0	-0	-0	-0	-0	-0	-81.2135	-0
MgADP	-0	473.458	-0	-0	131.101	241.101	-0	0.204329	-0	-0	1423.65	-25.4533	-199285	-0	-0	-0	-2080.66	-0	-0	0.00712473	-0.0392475	-0	79.3246	-0	-0	-283.971	-0	-400.79	7435.08	-0	-0	-0	-5572.41

Eigenvalues	real	imaginary
	-0.175707	0
	-3.05784	0
	-3.61529	0
	-5.65284	0
	-8.53929	0
	-28.9125	-27.4032
	-28.9125	27.4032
	-95.4887	-1.59844
	-95.4887	1.59844
	-119.497	0
	-347.127	0
	-388.055	0
	-502.636	0
	-582.728	0
	-1000.02	0
	-1017.42	0
	-1027.74	-84.4647
	-1027.74	84.4647
	-1718.31	0
	-2495.66	0
	-4782.46	0
	-10000.4	0
	-10304.9	0
	-11598	0
	-12921	0
	-14681	0
	-29300.2	0
	-32529.9	0
	-100431	0
	-142462	0
	-210716	0
	-495002	0
	-2.50035e+06	0

Stability Analysis of the Reduced System

KINETIC STABILITY ANALYSIS
The linear stability analysis based on the eigenvalues
of the Jacobian matrix is only valid for steady states.

Summary:
This state is asymptotically stable,
transient states in its vicinity have oscillatory components.

Eigenvalue statistics:
 Largest real part: -0.175707
 Largest absolute imaginary part:  84.4647
 The complex eigenvalues with the largest real part are:  -28.9125 +|- 27.4032i
 27 are purely real
 0 are purely imaginary
 6 are complex
 0 are equal to zero
 0 have positive real part
 33 have negative real part
 stiffness = 1.42303e+07
 time hierarchy = 0.844452


