species_id wild_type mean var CV ER
utp 0.450459 0.46243251009999603 0.00010637355081571931 0.022303266298144903 5.2423150778846405e-08
udp 0.128998 0.12798223249999954 5.145922149632498e-06 0.017724823700622346 3.092411343470491e-08
gtp 0.29 0.2899999999999716 2.4896751327219135e-14 5.440932559697136e-07 0.0
gdp 0.1 0.10000000000001588 -1.7503359872605984e-15 nan 0.0
pp 0.000963556 0.0009039916331000041 1.5531417513297346e-09 0.04359544713741801 1.6728506689507317e-07
glc1p 0.00648624 0.00574340096099999 2.2530001775284092e-07 0.0826440280551584 5.355193867280339e-07
udpglc 0.160543 0.1495852588000003 7.609859516842857e-05 0.05831758386471231 2.952527090288148e-07
glyglc 17.9807 20.208361449999877 12.872263688762928 0.17754006016481613 3.981454321870403e-06
glc 3.09631 2.9942253800000462 0.03943934007839367 0.06632546943230191 4.1137772174840714e-07
glc6p 0.101948 0.08832927935000008 6.301525819321727e-05 0.0898707100210206 6.063010208695485e-07
fru6p 0.0531482 0.050134076390000046 1.3759767828832974e-05 0.07398991605298967 4.87117783381541e-07
fru16bp 0.00043426 0.0005349279639000005 2.313820187392658e-09 0.08992273370756605 1.2269587151678473e-06
fru26bp 6.51612e-05 8.83158422099999e-05 1.0589282276023851e-10 0.11651843633293799 2.493953651317016e-06
grap 9.07629e-05 0.00010049714150000062 2.058056106084751e-11 0.04514138670030817 2.498276384366171e-07
dhap 0.000483395 0.0004942099296999997 2.676317415254887e-09 0.10467846439594695 1.1453370564555642e-06
bpg13 0.149057 0.15922955809999953 8.671631585006195e-05 0.05848260637495198 3.902977667254781e-07
pg3 0.298135 0.28641188579999716 0.00023441409516311573 0.05345653738869305 2.637289432792733e-07
pg2 0.058134 0.05536564252999975 1.5939665682247577e-05 0.0721106250118338 4.7164886721339225e-07
pep 0.00587575 0.005950823970999993 4.392493643090551e-08 0.03521911730483972 1.272285340371937e-07
pyr 0.0136255 0.013833792959999829 1.927997376610619e-06 0.10037185433982293 1.0384881434242432e-06
oaa 0.01 0.010000000000001426 -3.790641845552445e-17 nan 0.0
lac 1.8021e-06 2.1206535280000384e-06 4.8518854377631675e-14 0.10386890411232733 1.4940074545820804e-06
oaa_mito 7.26201e-05 6.728822854999978e-05 8.06257140668075e-12 0.042198565901875894 1.528832438017158e-07
pep_mito 0.0117651 0.010806459182000025 2.0998387864624957e-07 0.04240426689273442 1.517031880385211e-07
pyr_mito 0.00448379 0.0039316930429998806 6.174518874412077e-08 0.06320071000403331 3.071231789594231e-07
gtp_mito 0.300065 0.29940930159999585 2.2444104377794538e-07 0.0015822891557551709 2.492709078705246e-10
gdp_mito 0.0899355 0.09059069622000006 2.2444557166469148e-07 0.005229641558670425 2.774908927394293e-09
GLUT2 -0.841039 -0.752923740100003 0.0018936729955200127 0.0 0.0
GK 0.075641 0.0774471210499995 0.0002888908973475088 0.21946317132397378 5.049162341463465e-06
G6PASE 0.91668 0.8303708770000056 0.0032281536606152406 0.06842345351995496 3.8416578875721807e-07
GPI -0.841039 -0.752923740100003 0.0018936729955200127 0.0 0.0
G16PI 0.0 9.100106000000006e-18 5.850078138744276e-31 84.0493544922851 0.0
UPGASE 0.387778 0.3876887908000019 1.276858727833341e-06 0.002914661874799243 8.491345596994826e-10
PPASE 0.387778 0.3876887908000019 1.276858727833341e-06 0.002914661874799243 8.491345596994826e-10
GS 0.387778 0.3876887908000019 1.276858727833341e-06 0.002914661874799243 8.491345596994826e-10
GP 0.387778 0.3876887908000019 1.276858727833341e-06 0.002914661874799243 8.491345596994826e-10
NDKGTP 0.0 0.0 0.0 0.0 0.0
NDKUTP 0.387778 0.3876887908000019 1.276858727833341e-06 0.002914661874799243 8.491345596994826e-10
AK -0.0 0.0 0.0 0.0 0.0
PFK2 0.00199544 0.001807293938999997 2.2166744148101633e-08 0.08238007104833728 5.567042812534839e-07
FBP2 0.00199544 0.001807293938999997 2.2166744148101633e-08 0.08238007104833728 5.567042812534839e-07
PFK1 0.175929 0.2608879116000025 0.0014528714557732886 0.14610317016611166 4.694099846905786e-06
FBP1 1.01697 1.013811674199996 0.001255659627768857 0.03495253486487715 1.21410332239702e-07
ALD -0.841039 -0.752923740100003 0.0018936729955200127 0.0 0.0
TPI -0.841039 -0.752923740100003 0.0018936729955200127 0.0 0.0
GAPDH -1.68208 -1.5058473100000078 0.007574690347621704 0.0 0.0
PGK -1.68208 -1.5058473100000078 0.007574690347621704 0.0 0.0
PGM -1.68208 -1.5058473100000078 0.007574690347621704 0.0 0.0
EN -1.68208 -1.5058473100000078 0.007574690347621704 0.0 0.0
PK 1.75148e-05 3.2404458820000185e-05 2.341806627901546e-10 0.47224866906322976 7.633798035630721e-05
PEPCK 0.0 0.0 0.0 0.0 0.0
PEPCKM 1.68209 1.5058798440000105 0.007574195270904305 0.05779335788559424 2.6769363166956327e-07
PC 1.74663 1.5704693739999624 0.007573961455725531 0.055415604330129466 2.482682940450398e-07
LDH -3.25079 -3.2429396640003363 0.00019171257929961882 0.0 0.0
LACT 3.25079 3.2429396640003363 0.00019171257929961882 0.00426959259486806 1.8141482910460915e-09
PYRTM 3.25081 3.2429716880002255 0.00019191527469253344 0.004271806908851528 1.816044007807438e-09
PEPTM 1.68209 1.5058798440000105 0.007574195270904305 0.05779335788559424 2.6769363166956327e-07
PDH 1.50418 1.6725023179999963 0.007346972458147416 0.05124924568033461 3.247198158672804e-07
CS 0.0645364 0.06458952356999974 8.487795343826987e-08 0.004510610936967328 2.0379120047264722e-09
NDKGTPM 1.68209 1.5058798440000105 0.007574195270904305 0.05779335788559424 2.6769363166956327e-07
OAAFLX 0.0 0.0 0.0 0.0 0.0
ACOAFLX 0.0 0.0 0.0 0.0 0.0
CITFLX 0.0 0.0 0.0 0.0 0.0
