species_id wild_type mean var CV ER
utp 0.450459 0.43840265370000253 0.0001219622919823582 0.025190663948561953 6.01056143530121e-08
udp 0.128998 0.13751415069999917 9.363789654358648e-05 0.0703685227087606 5.627113761880854e-07
gtp 0.29 0.2899999999999716 2.4896751327219135e-14 5.440932559697136e-07 0.0
gdp 0.1 0.10000000000001588 -1.7503359872605984e-15 nan 0.0
pp 0.000963556 0.0008781076614999923 2.522947859287074e-09 0.05720136219508003 2.717404905587806e-07
glc1p 0.00648624 0.006601712184999958 1.2405038832435965e-08 0.016871064181987538 2.9485744624779818e-08
udpglc 0.160543 0.16408319569999905 7.85167088689434e-06 0.01707721074030599 3.046346774604469e-08
glyglc 17.9807 19.715314800000044 1.9724660939951377 0.07123625130294983 6.100934415717241e-07
glc 3.09631 3.1387198120000326 0.0013254724099418524 0.011599327145583855 1.3825531037725547e-08
glc6p 0.101948 0.10460311479999941 2.07007756250141e-06 0.013754623027476882 1.9917241876732384e-08
fru6p 0.0531482 0.05388062386000065 4.196288298529728e-07 0.012022645547735307 1.4855531578295001e-08
fru16bp 0.00043426 0.00038468486930000025 1.2508160682574982e-09 0.0919372737187027 6.632752555218557e-07
fru26bp 6.51612e-05 6.458200854999987e-05 2.1278716995971843e-11 0.07142679634999075 5.011494883620959e-07
grap 9.07629e-05 7.697821884000067e-05 3.0819194758095926e-11 0.07211785245461373 3.741145162264314e-07
dhap 0.000483395 0.0005465563207999968 1.662388147573478e-09 0.07459870626057677 7.11423367340669e-07
bpg13 0.149057 0.1332903827600004 0.0003467855076610196 0.139711338947318 1.5608320976970846e-06
pg3 0.298135 0.26155949780000176 0.0014386234918569024 0.14501171174181418 1.618531739832596e-06
pg2 0.058134 0.04874509160000022 5.842426436350164e-05 0.15680710452267843 1.7287525757535672e-06
pep 0.00587575 0.006196633364000005 4.6590197416135874e-07 0.11015176853188226 1.3494845978878621e-06
pyr 0.0136255 0.011793470084000245 1.5141641445877733e-06 0.10433856734680438 8.155828065105286e-07
oaa 0.01 0.010000000000001426 -3.790641845552445e-17 nan 0.0
lac 1.8021e-06 2.508986409999968e-06 1.983903898922719e-13 0.17752601586685743 6.108897772165345e-06
oaa_mito 7.26201e-05 7.678695654000087e-05 2.0506552666993767e-11 0.058973767633438604 3.8884719685456925e-07
pep_mito 0.0117651 0.011939749140000051 2.7953651110781334e-07 0.044281677846588895 2.019515982917275e-07
pyr_mito 0.00448379 0.0046662889730001 1.3532753156665173e-08 0.024929952434918464 6.731248627358521e-08
gtp_mito 0.300065 0.2892826353999927 4.45590668986251e-05 0.02307521087780775 4.948862693420209e-08
gdp_mito 0.0899355 0.10071736411999899 4.4559068528137596e-05 0.066277131014328 5.509012993773821e-07
GLUT2 -0.841039 -0.8416116421999966 1.3263763551374375e-05 0.0 0.0
GK 0.075641 0.08544520948999954 5.296469087712977e-05 0.08517369772013053 9.257035270371583e-07
G6PASE 0.91668 0.9270568462000008 6.069798209928923e-05 0.008403897777656986 7.223351369867182e-09
GPI -0.841039 -0.8416116421999966 1.3263763551374375e-05 0.0 0.0
G16PI 0.0 -6.30790600000002e-18 8.371459419599337e-31 0.0 0.0
UPGASE 0.387778 0.3877707504999992 1.4350565434306795e-06 0.0030892955543086785 9.543390176225409e-10
PPASE 0.387778 0.3877707504999992 1.4350565434306795e-06 0.0030892955543086785 9.543390176225409e-10
GS 0.387778 0.3877707504999992 1.4350565434306795e-06 0.0030892955543086785 9.543390176225409e-10
GP 0.387778 0.3877707504999992 1.4350565434306795e-06 0.0030892955543086785 9.543390176225409e-10
NDKGTP 0.0 0.0 0.0 0.0 0.0
NDKUTP 0.387778 0.3877707504999992 1.4350565434306795e-06 0.0030892955543086785 9.543390176225409e-10
AK -0.0 0.0 0.0 0.0 0.0
PFK2 0.00199544 0.001994469160999996 8.433687400093165e-11 0.00460448883542217 2.1180692340472264e-09
FBP2 0.00199544 0.001994469160999996 8.433687400093165e-11 0.00460448883542217 2.1180692340472264e-09
PFK1 0.175929 0.1339022724000008 0.000291272034738891 0.12745634125663075 9.410743175132796e-07
FBP1 1.01697 0.9755138563000039 0.00029090163792389045 0.017483953417888637 2.8127419032697443e-08
ALD -0.841039 -0.8416116421999966 1.3263763551374375e-05 0.0 0.0
TPI -0.841039 -0.8416116421999966 1.3263763551374375e-05 0.0 0.0
GAPDH -1.68208 -1.6832232150000057 5.305429669233419e-05 0.0 0.0
PGK -1.68208 -1.6832232150000057 5.305429669233419e-05 0.0 0.0
PGM -1.68208 -1.6832232150000057 5.305429669233419e-05 0.0 0.0
EN -1.68208 -1.6832232150000057 5.305429669233419e-05 0.0 0.0
PK 1.75148e-05 8.423382399000016e-05 4.001828461780056e-09 0.7510048079845362 0.0013045120756979096
PEPCK 0.0 0.0 0.0 0.0 0.0
PEPCKM 1.68209 1.6833073150000049 5.333916495287028e-05 0.0043387007358098055 1.88515799597333e-09
PC 1.74663 1.7574883710000218 0.00011518077561456508 0.006106572805000276 3.7755321165677816e-09
LDH -3.25079 -3.329382880000284 0.001563754076602919 0.0 0.0
LACT 3.25079 3.329382880000284 0.001563754076602919 0.011877375462488952 1.4797577562486453e-08
PYRTM 3.25081 3.3294663549999823 0.00156598864155022 0.011885560669951906 1.4818540576899685e-08
PEPTM 1.68209 1.6833073150000049 5.333916495287028e-05 0.0043387007358098055 1.88515799597333e-09
PDH 1.50418 1.571978419999969 0.0011701914547042058 0.02176115194585364 5.171985546332802e-08
CS 0.0645364 0.07418064249999994 7.351633333752255e-05 0.11558496040816368 1.7651205324369811e-06
NDKGTPM 1.68209 1.6833073150000049 5.333916495287028e-05 0.0043387007358098055 1.88515799597333e-09
OAAFLX 0.0 0.0 0.0 0.0 0.0
ACOAFLX 0.0 0.0 0.0 0.0 0.0
CITFLX 0.0 0.0 0.0 0.0 0.0
