species_id wild_type mean var CV ER
utp 0.450459 0.4467257013000022 5.497843764346033e-05 0.016597980794987817 2.7094544689465482e-08
udp 0.128998 0.12639319460000148 7.601418381915359e-06 0.02181341327545501 4.5680272162784694e-08
gtp 0.29 0.2899999999999716 2.4896751327219135e-14 5.440932559697136e-07 0.0
gdp 0.1 0.10000000000001588 -1.7503359872605984e-15 nan 0.0
pp 0.000963556 0.0008989440417000008 4.9298818863755335e-09 0.07810621614496006 5.309854174214812e-07
glc1p 0.00648624 0.006386960126999934 3.380949388271e-08 0.028788903891140166 8.036235242566691e-08
udpglc 0.160543 0.1668811061000008 4.371472871353768e-05 0.039619293255749304 1.6960749470689151e-07
glyglc 17.9807 23.238796220000054 8.179335681840712 0.12306806957999451 2.529908661593927e-06
glc 3.09631 3.2023901659999514 0.00229342967227808 0.014954381995410862 2.392194879135001e-08
glc6p 0.101948 0.10156212498000051 1.0399111752146944e-06 0.010040754386100602 1.0005500659104882e-08
fru6p 0.0531482 0.05315027239000099 3.5777117005173636e-07 0.011253747743199375 1.2665671509082266e-08
fru16bp 0.00043426 0.0004366688338000006 1.6347073134869173e-11 0.009259079360905106 8.66842806466206e-09
fru26bp 6.51612e-05 6.420849070000022e-05 4.330128445332324e-13 0.010248443900270139 1.0198179029496934e-08
grap 9.07629e-05 9.192973620000084e-05 2.5997087007669767e-12 0.017539060653497997 3.155789015985011e-08
dhap 0.000483395 0.0005109295388999967 2.0506780312516706e-10 0.028027717258612368 8.775930413504884e-08
bpg13 0.149057 0.1469314158999984 2.6111475067772116e-06 0.010997679003140972 1.1752402422748887e-08
pg3 0.298135 0.29345768149999923 1.1969141231096825e-05 0.011789245558831773 1.3465952063829168e-08
pg2 0.058134 0.05693364367000031 4.765697318286771e-07 0.012125349037341266 1.4101523749343592e-08
pep 0.00587575 0.005861321059999952 1.5449223874752348e-09 0.006705911572766645 4.474866130033117e-09
pyr 0.0136255 0.013785085049999958 6.614062464371242e-07 0.058996289238722716 3.5625699144268274e-07
oaa 0.01 0.010000000000001426 -3.790641845552445e-17 nan 0.0
lac 1.8021e-06 1.9828394690000206e-06 3.45241197824562e-14 0.09370737068860513 1.0630772919002052e-06
oaa_mito 7.26201e-05 7.030027849000012e-05 8.729928663594314e-12 0.04202892694197217 1.655377354087273e-07
pep_mito 0.0117651 0.011042953590000114 1.6168331245668046e-07 0.036412236269621236 1.1680836695959762e-07
pyr_mito 0.00448379 0.00449393581800008 4.827198512536378e-10 0.0048890076174862365 2.4010689627651517e-09
gtp_mito 0.300065 0.2954455702 3.2723963239028597e-06 0.0061228760157294605 3.634420830189722e-09
gdp_mito 0.0899355 0.09455442722000014 3.2723606019375434e-06 0.019131486228205277 4.045748188061804e-08
GLUT2 -0.841039 -0.8550396636000045 6.328123635868099e-05 0.0 0.0
GK 0.075641 0.06011699359999952 6.35253559549357e-05 0.1325794765055712 1.1102801713737564e-06
G6PASE 0.91668 0.915156652599994 7.820139820802208e-05 0.009662996404985278 9.306341946435647e-09
GPI -0.841039 -0.8550396636000045 6.328123635868099e-05 0.0 0.0
G16PI 0.0 1.3039800000000074e-18 5.841009602300593e-31 586.1017656533115 0.0
UPGASE 0.387778 0.3876282224999995 2.4499193295446364e-06 0.004037945959432862 1.6292414540486356e-09
PPASE 0.387778 0.3876282224999995 2.4499193295446364e-06 0.004037945959432862 1.6292414540486356e-09
GS 0.387778 0.3876282224999995 2.4499193295446364e-06 0.004037945959432862 1.6292414540486356e-09
GP 0.387778 0.3876282224999995 2.4499193295446364e-06 0.004037945959432862 1.6292414540486356e-09
NDKGTP 0.0 0.0 0.0 0.0 0.0
NDKUTP 0.387778 0.3876282224999995 2.4499193295446364e-06 0.004037945959432862 1.6292414540486356e-09
AK -0.0 0.0 0.0 0.0 0.0
PFK2 0.00199544 0.0019955619910000154 8.357462335031873e-11 0.004581123402160739 2.0989257743853074e-09
FBP2 0.00199544 0.0019955619910000154 8.357462335031873e-11 0.004581123402160739 2.0989257743853074e-09
PFK1 0.175929 0.17357963770000143 1.2469942114085725e-05 0.020343863872729972 4.0289285840999776e-08
FBP1 1.01697 1.0286192859999952 7.451374345590622e-05 0.008391962379681659 7.204769626834029e-09
ALD -0.841039 -0.8550396636000045 6.328123635868099e-05 0.0 0.0
TPI -0.841039 -0.8550396636000045 6.328123635868099e-05 0.0 0.0
GAPDH -1.68208 -1.7100793530000094 0.0002531242410030998 0.0 0.0
PGK -1.68208 -1.7100793530000094 0.0002531242410030998 0.0 0.0
PGM -1.68208 -1.7100793530000094 0.0002531242410030998 0.0 0.0
EN -1.68208 -1.7100793530000094 0.0002531242410030998 0.0 0.0
PK 1.75148e-05 1.7512860229999884e-05 5.334917519013633e-15 0.004170679075112097 1.7390711250286906e-09
PEPCK 0.0 0.0 0.0 0.0 0.0
PEPCKM 1.68209 1.7100968620000054 0.0002531267426042483 0.009303541626738014 8.94621997358236e-09
PC 1.74663 1.7741433409999972 0.0002266416137666205 0.00848557197295527 7.429127694580373e-09
LDH -3.25079 -3.2593998679997784 2.8796455442403612e-05 0.0 0.0
LACT 3.25079 3.2593998679997784 2.8796455442403612e-05 0.0016463867915890744 2.7249666942896764e-10
PYRTM 3.25081 3.259416268000078 2.8792344490824462e-05 0.001646260985845667 2.7245442344447925e-10
PEPTM 1.68209 1.7100968620000054 0.0002531267426042483 0.009303541626738014 8.94621997358236e-09
PDH 1.50418 1.485273896999993 0.00018005626909500805 0.009034363798892327 7.958085976689233e-09
CS 0.0645364 0.06404650241999946 5.042577312158389e-06 0.03506153008971564 1.210718264342825e-07
NDKGTPM 1.68209 1.7100968620000054 0.0002531267426042483 0.009303541626738014 8.94621997358236e-09
OAAFLX 0.0 0.0 0.0 0.0 0.0
ACOAFLX 0.0 0.0 0.0 0.0 0.0
CITFLX 0.0 0.0 0.0 0.0 0.0
