species_id wild_type mean var CV ER
utp 0.450459 0.480481418299996 0.000105638595511659 0.021391178535181354 5.2060949158350135e-08
udp 0.128998 0.12922544130000166 4.919982537799836e-05 0.05427923981921247 2.956634276177317e-07
gtp 0.29 0.2899999999999716 2.4896751327219135e-14 5.440932559697136e-07 0.0
gdp 0.1 0.10000000000001588 -1.7503359872605984e-15 nan 0.0
pp 0.000963556 0.0009178676517000003 4.419671309029178e-09 0.07242940569445304 4.760318946761988e-07
glc1p 0.00648624 0.0057983736249999866 1.0744566266525021e-07 0.056531205693503915 2.553893956635633e-07
udpglc 0.160543 0.13029312140000038 0.0002304654907066897 0.11651489919020895 8.941763027084604e-07
glyglc 17.9807 29.201924010000035 28.311611037774583 0.1822094197215471 8.756920216286001e-06
glc 3.09631 3.0820943779999777 7.130402099342348e-05 0.002739750894559458 7.437468661386503e-10
glc6p 0.101948 0.08711921598999994 4.177008843235606e-05 0.07418545060166212 4.0189071638275784e-07
fru6p 0.0531482 0.04679399373000006 8.660861942380495e-06 0.06289128167220004 3.0660836171243486e-07
fru16bp 0.00043426 0.0004221218640999969 6.943460881770337e-10 0.06242379234696182 3.6819368629859017e-07
fru26bp 6.51612e-05 5.472946378999979e-05 2.5376304020973584e-11 0.09204347173064402 5.976545380535492e-07
grap 9.07629e-05 9.772579694999885e-05 4.387404508468334e-11 0.06777891584583878 5.325874760990335e-07
dhap 0.000483395 0.00038172391009999893 3.667288723507818e-09 0.15864383059883788 1.569425826629578e-06
bpg13 0.149057 0.17964719840000037 0.00020470936832932968 0.07964314663832013 9.21367663093231e-07
pg3 0.298135 0.35438082429999873 0.0008451301215580687 0.0820335632933972 9.50818566340339e-07
pg2 0.058134 0.05684140136999982 2.365781581401905e-05 0.08557019992175388 7.000261016657738e-07
pep 0.00587575 0.005625000559999985 2.2564030439655932e-07 0.08444729996932437 6.535669139307366e-07
pyr 0.0136255 0.013008434499999853 4.7033089430493103e-07 0.05272015991271749 2.5333699264395993e-07
oaa 0.01 0.010000000000001426 -3.790641845552445e-17 nan 0.0
lac 1.8021e-06 1.9813005439999575e-06 3.288178657357587e-14 0.09152238822907996 1.0125060636838822e-06
oaa_mito 7.26201e-05 8.783125682000045e-05 7.076758891220783e-11 0.09577851567352477 1.3419017337252813e-06
pep_mito 0.0117651 0.012908484109999969 4.75836498108409e-07 0.05343842269122508 3.4376883698337134e-07
pyr_mito 0.00448379 0.004291787428000058 3.3024111010847366e-08 0.042342584657387945 1.6426332419322564e-07
gtp_mito 0.300065 0.29807074529999894 1.5063443699364631e-05 0.0130209532850811 1.6729909250201567e-08
gdp_mito 0.0899355 0.09192927098999917 1.5063533396383541e-05 0.04221916222994367 1.862363912735976e-07
GLUT2 -0.841039 -0.840848647399995 9.213728452639458e-06 0.0 0.0
GK 0.075641 0.0756544382399998 1.4692306749344852e-07 0.005066529581829087 2.567884365189954e-09
G6PASE 0.91668 0.9165030798000057 9.452142226806792e-06 0.003354526254216772 1.1248503187788472e-09
GPI -0.841039 -0.840848647399995 9.213728452639458e-06 0.0 0.0
G16PI 0.0 -5.090272999999987e-18 5.2845640586701644e-31 0.0 0.0
UPGASE 0.387778 0.4470600773999957 0.0026184297063252537 0.11446021853272649 1.7413039558442867e-06
PPASE 0.387778 0.4470600773999957 0.0026184297063252537 0.11446021853272649 1.7413039558442867e-06
GS 0.387778 0.4470600773999957 0.0026184297063252537 0.11446021853272649 1.7413039558442867e-06
GP 0.387778 0.4470600773999957 0.0026184297063252537 0.11446021853272649 1.7413039558442867e-06
NDKGTP 0.0 0.0 0.0 0.0 0.0
NDKUTP 0.387778 0.4470600773999957 0.0026184297063252537 0.11446021853272649 1.7413039558442867e-06
AK -0.0 0.0 0.0 0.0 0.0
PFK2 0.00199544 0.002055497485999995 4.524624677714029e-08 0.1034842675157965 1.1363319359503298e-06
FBP2 0.00199544 0.002055497485999995 4.524624677714029e-08 0.1034842675157965 1.1363319359503298e-06
PFK1 0.175929 0.11359337497000083 0.00042933000654074745 0.18240746948662814 1.3871274777730313e-06
FBP1 1.01697 0.9544420216999995 0.0004237480010157446 0.02156772211220489 4.097239765664673e-08
ALD -0.841039 -0.840848647399995 9.213728452639458e-06 0.0 0.0
TPI -0.841039 -0.840848647399995 9.213728452639458e-06 0.0 0.0
GAPDH -1.68208 -1.681697294000009 3.6853941713044236e-05 0.0 0.0
PGK -1.68208 -1.681697294000009 3.6853941713044236e-05 0.0 0.0
PGM -1.68208 -1.681697294000009 3.6853941713044236e-05 0.0 0.0
EN -1.68208 -1.681697294000009 3.6853941713044236e-05 0.0 0.0
PK 1.75148e-05 2.253762240999999e-05 6.538729493242148e-11 0.35878855989531117 2.131488559572474e-05
PEPCK 0.0 0.0 0.0 0.0 0.0
PEPCKM 1.68209 1.6817197910000043 3.6851602105869574e-05 0.0036097286096133593 1.3024405700168273e-09
PC 1.74663 1.761814247999968 0.0001029510304357828 0.005759108108316297 3.3746510088805693e-09
LDH -3.25079 -3.2777086649999596 0.00045061705585425216 0.0 0.0
LACT 3.25079 3.2777086649999596 0.00045061705585425216 0.0064763970104446626 4.264123698427547e-09
PYRTM 3.25081 3.277730809000083 0.000450630100106153 0.00647644699314154 4.264194679204359e-09
PEPTM 1.68209 1.6817197910000043 3.6851602105869574e-05 0.0036097286096133593 1.3024405700168273e-09
PDH 1.50418 1.5159164079999974 0.00036805272032891523 0.012655513233683104 1.62671103353329e-08
CS 0.0645364 0.0800944240899998 5.565423661415842e-05 0.09314227300380898 1.336253201227522e-06
NDKGTPM 1.68209 1.6817197910000043 3.6851602105869574e-05 0.0036097286096133593 1.3024405700168273e-09
OAAFLX 0.0 0.0 0.0 0.0 0.0
ACOAFLX 0.0 0.0 0.0 0.0 0.0
CITFLX 0.0 0.0 0.0 0.0 0.0
