species_id wild_type mean var CV ER
utp 0.450459 0.4523684807999985 3.5121802140131164e-05 0.013100746965813051 1.7308771918167488e-08
udp 0.128998 0.11743901979999964 7.15683697861385e-05 0.0720357603568927 4.3008586630686187e-07
gtp 0.29 0.2899999999999716 2.4896751327219135e-14 5.440932559697136e-07 0.0
gdp 0.1 0.10000000000001588 -1.7503359872605984e-15 nan 0.0
pp 0.000963556 0.0010681784470000023 1.2096190622074131e-08 0.10296283696009806 1.302850854185067e-06
glc1p 0.00648624 0.006590716090999993 1.0452302642080925e-07 0.0490538822364358 2.4844253260898344e-07
udpglc 0.160543 0.170192485800002 7.344898558090882e-05 0.050356150106631886 2.849725664506586e-07
glyglc 17.9807 16.174853780000042 2.261514262806486 0.09297352608406438 6.99497458516618e-07
glc 3.09631 3.2275818820000053 0.006609606666962975 0.025188977527877247 6.894245509412311e-08
glc6p 0.101948 0.10243750019999975 8.626635569410762e-07 0.009066961133958034 8.300113502901496e-09
fru6p 0.0531482 0.05347768456999998 2.632233261344076e-07 0.009593776373112445 9.318526648849356e-09
fru16bp 0.00043426 0.0005065224133999992 4.256051046815916e-09 0.12879670322435682 2.25687326635835e-06
fru26bp 6.51612e-05 6.318344031000018e-05 1.0529005656507172e-12 0.01624016398254443 2.4797574961432646e-08
grap 9.07629e-05 9.386918677999992e-05 6.982991026492462e-11 0.08902206958274399 8.476659854938617e-07
dhap 0.000483395 0.0005936076512999997 1.3792855208677472e-09 0.06256444530286236 5.902688558132141e-07
bpg13 0.149057 0.14027628470000095 0.00025709596271156557 0.1143045119249703 1.1571522509556953e-06
pg3 0.298135 0.29858770069999685 0.0004964229953692834 0.07461979144365453 5.585035827194496e-07
pg2 0.058134 0.05981872305000042 1.925863830742284e-05 0.07336275811350106 5.698560511170792e-07
pep 0.00587575 0.006431068200999985 1.9174042911149517e-07 0.06808849459290237 5.553759593821539e-07
pyr 0.0136255 0.011816334139999779 7.946943383367513e-07 0.07544271272429291 4.280507110742793e-07
oaa 0.01 0.010000000000001426 -3.790641845552445e-17 nan 0.0
lac 1.8021e-06 2.1109862489999536e-06 6.661843377471e-14 0.12226771745938043 2.051335258184084e-06
oaa_mito 7.26201e-05 8.065478455999968e-05 1.4792917052829808e-10 0.15079841456667537 2.805046963608504e-06
pep_mito 0.0117651 0.0145674974100001 4.200078843727656e-06 0.1406836968163582 3.0343536594962917e-06
pyr_mito 0.00448379 0.004368757763000041 2.4637484946949556e-09 0.011361618989341453 1.2254789159560353e-08
gtp_mito 0.300065 0.30210796119999866 5.762038773463041e-06 0.007945585734842778 6.399491886499576e-09
gdp_mito 0.0899355 0.0878920497199988 5.76207088665015e-06 0.027311132276407076 7.123874989864998e-08
GLUT2 -0.841039 -0.8401383044999995 5.6027473280817475e-06 0.0 0.0
GK 0.075641 0.08009191049999971 4.7155758247883e-05 0.08573905902862675 8.241764656284012e-07
G6PASE 0.91668 0.9202302234999994 5.109099772271364e-05 0.007767400506455962 6.080074092174037e-09
GPI -0.841039 -0.8401383044999995 5.6027473280817475e-06 0.0 0.0
G16PI 0.0 2.5650118000000024e-17 5.75647856066126e-31 29.57938079602028 0.0
UPGASE 0.387778 0.40435798139999946 0.0011752103222664179 0.08477968114194527 7.815364980666261e-07
PPASE 0.387778 0.40435798139999946 0.0011752103222664179 0.08477968114194527 7.815364980666261e-07
GS 0.387778 0.40435798139999946 0.0011752103222664179 0.08477968114194527 7.815364980666261e-07
GP 0.387778 0.40435798139999946 0.0011752103222664179 0.08477968114194527 7.815364980666261e-07
NDKGTP 0.0 0.0 0.0 0.0 0.0
NDKUTP 0.387778 0.40435798139999946 0.0011752103222664179 0.08477968114194527 7.815364980666261e-07
AK -0.0 0.0 0.0 0.0 0.0
PFK2 0.00199544 0.001977695161999994 3.5947056095071364e-10 0.009586770119022103 9.027884245360607e-09
FBP2 0.00199544 0.001977695161999994 3.5947056095071364e-10 0.009586770119022103 9.027884245360607e-09
PFK1 0.175929 0.17612312659999993 6.889391001331513e-07 0.004712745963498408 2.2259016199344117e-09
FBP1 1.01697 1.0162614940000105 6.762608058208386e-06 0.0025588901248770187 6.538798194899442e-10
ALD -0.841039 -0.8401383044999995 5.6027473280817475e-06 0.0 0.0
TPI -0.841039 -0.8401383044999995 5.6027473280817475e-06 0.0 0.0
GAPDH -1.68208 -1.6802766409999852 2.2411867651506157e-05 0.0 0.0
PGK -1.68208 -1.6802766409999852 2.2411867651506157e-05 0.0 0.0
PGM -1.68208 -1.6802766409999852 2.2411867651506157e-05 0.0 0.0
EN -1.68208 -1.6802766409999852 2.2411867651506157e-05 0.0 0.0
PK 1.75148e-05 0.0003905585777900012 8.760449291386176e-08 0.7578391016043352 0.02855722577391253
PEPCK 0.0 0.0 0.0 0.0 0.0
PEPCKM 1.68209 1.6806671279999947 2.199898285759616e-05 0.0027907413982726464 7.775067048632067e-10
PC 1.74663 1.7605541439999848 0.0002848125426790915 0.009585839863951028 9.335923414632852e-09
LDH -3.25079 -3.2586913280003915 8.216759827561759e-05 0.0 0.0
LACT 3.25079 3.2586913280003915 8.216759827561759e-05 0.002781679382515832 7.775400609588701e-10
PYRTM 3.25081 3.2590834589999655 8.435770316062019e-05 0.002818168077633838 7.982548569041015e-10
PEPTM 1.68209 1.6806671279999947 2.199898285759616e-05 0.0027907413982726464 7.775067048632067e-10
PDH 1.50418 1.498529198999981 0.00023125073352980863 0.010147903994253873 1.0220767258584119e-08
CS 0.0645364 0.07988710311000038 0.00027978158628991744 0.20937888906247365 6.717530651191339e-06
NDKGTPM 1.68209 1.6806671279999947 2.199898285759616e-05 0.0027907413982726464 7.775067048632067e-10
OAAFLX 0.0 0.0 0.0 0.0 0.0
ACOAFLX 0.0 0.0 0.0 0.0 0.0
CITFLX 0.0 0.0 0.0 0.0 0.0
