species_id wild_type mean var CV ER
utp 0.450459 0.44341473700000233 8.415682515458545e-05 0.020688764149067423 4.147427533035541e-08
udp 0.128998 0.12116205280000127 3.223098089093733e-05 0.046856531632324804 1.936901648039613e-07
gtp 0.29 0.2899999999999716 2.4896751327219135e-14 5.440932559697136e-07 0.0
gdp 0.1 0.10000000000001588 -1.7503359872605984e-15 nan 0.0
pp 0.000963556 0.0010894743876999826 2.5600554368971273e-08 0.1468613986708217 2.757372562093496e-06
glc1p 0.00648624 0.006641766979999971 5.468786601612292e-07 0.11134272699280744 1.2998850493860292e-06
udpglc 0.160543 0.17542321590000107 0.0001789387838958094 0.0762544463842747 6.942593431464417e-07
glyglc 17.9807 21.129789189999943 17.171781780214985 0.1961157694685232 5.311316364874008e-06
glc 3.09631 3.2758658580000453 0.012914581068734776 0.034690778954217134 1.347073994365955e-07
glc6p 0.101948 0.09645915053000068 4.329334977765109e-06 0.021570845196692782 4.1654676852243e-08
fru6p 0.0531482 0.05030405769999997 1.1907684622559402e-06 0.0216925518260092 4.2155107635533096e-08
fru16bp 0.00043426 0.00036246998609999943 3.9594214584105065e-09 0.17359763930981073 2.099578304263605e-06
fru26bp 6.51612e-05 5.870668030000058e-05 6.391655407547386e-12 0.04306447464551142 1.5053420927080285e-07
grap 9.07629e-05 7.296651150999966e-05 4.898723873846226e-11 0.0959219274311096 5.946565854719088e-07
dhap 0.000483395 0.0004468370897000011 3.6102117109474577e-09 0.13446743503396233 1.5449995694202578e-06
bpg13 0.149057 0.13887647900000002 8.944224357582825e-05 0.06809929959211504 4.02566778537905e-07
pg3 0.298135 0.2880461119000008 0.0003448800765345067 0.06447213255805272 3.880093391129713e-07
pg2 0.058134 0.0530534561200005 1.2894966586075342e-05 0.06768562284736128 3.8155733654166027e-07
pep 0.00587575 0.0058860868550000426 1.682196625146478e-07 0.06968057285573036 4.872480826753068e-07
pyr 0.0136255 0.015815366070000354 1.304366618100339e-06 0.07221386488637116 7.025783769318838e-07
oaa 0.01 0.010000000000001426 -3.790641845552445e-17 nan 0.0
lac 1.8021e-06 1.4222514630000239e-06 2.8743529249953167e-14 0.11920477616936347 8.850795741424444e-07
oaa_mito 7.26201e-05 6.63099593500002e-05 1.6932094780550833e-11 0.062054971965417094 3.2106798735085376e-07
pep_mito 0.0117651 0.010290273198999996 3.891424092038675e-07 0.06062159747792492 2.8113655418421366e-07
pyr_mito 0.00448379 0.004666136011999933 1.536518970979384e-08 0.026565107004394888 7.642710314716971e-08
gtp_mito 0.300065 0.3035463705999996 1.7124226951270582e-05 0.01363265496113387 1.901867651803446e-08
gdp_mito 0.0899355 0.08645363344999983 1.712423411789378e-05 0.04786547003151791 2.1171364523573376e-07
GLUT2 -0.841039 -0.8415416083999977 1.2013920834941239e-05 0.0 0.0
GK 0.075641 0.06084246257999974 0.0011016442536534252 0.5455240517290731 1.92542607964166e-05
G6PASE 0.91668 0.9023840780999975 0.0011224170708638015 0.03712664520048218 1.335730218174458e-07
GPI -0.841039 -0.8415416083999977 1.2013920834941239e-05 0.0 0.0
G16PI 0.0 1.2721809999999916e-18 9.377462337860976e-31 761.1912006106572 0.0
UPGASE 0.387778 0.44976531929999863 0.003969921991568814 0.14008931828394644 2.640071204365446e-06
PPASE 0.387778 0.44976531929999863 0.003969921991568814 0.14008931828394644 2.640071204365446e-06
GS 0.387778 0.44976531929999863 0.003969921991568814 0.14008931828394644 2.640071204365446e-06
GP 0.387778 0.44976531929999863 0.003969921991568814 0.14008931828394644 2.640071204365446e-06
NDKGTP 0.0 0.0 0.0 0.0 0.0
NDKUTP 0.387778 0.44976531929999863 0.003969921991568814 0.14008931828394644 2.640071204365446e-06
AK -0.0 0.0 0.0 0.0 0.0
PFK2 0.00199544 0.0016015728040000045 2.219839395759316e-08 0.09302808730423645 5.574991469456725e-07
FBP2 0.00199544 0.0016015728040000045 2.219839395759316e-08 0.09302808730423645 5.574991469456725e-07
PFK1 0.175929 0.17495164109999933 2.7509747997474937e-05 0.02997956212707848 8.888157541474539e-08
FBP1 1.01697 1.0164932199999805 2.3075863738952762e-05 0.00472579084540828 2.2312163393878317e-09
ALD -0.841039 -0.8415416083999977 1.2013920834941239e-05 0.0 0.0
TPI -0.841039 -0.8415416083999977 1.2013920834941239e-05 0.0 0.0
GAPDH -1.68208 -1.6830832030000082 4.80563850673299e-05 0.0 0.0
PGK -1.68208 -1.6830832030000082 4.80563850673299e-05 0.0 0.0
PGM -1.68208 -1.6830832030000082 4.80563850673299e-05 0.0 0.0
EN -1.68208 -1.6830832030000082 4.80563850673299e-05 0.0 0.0
PK 1.75148e-05 1.2285044105399846e-05 1.016514874357493e-10 0.8206919035369222 3.313625112596522e-05
PEPCK 0.0 0.0 0.0 0.0 0.0
PEPCKM 1.68209 1.6830954599999888 4.8035175335581215e-05 0.004117853972793937 1.6976998987949798e-09
PC 1.74663 1.7426701950000414 6.864963443620198e-05 0.0047544897008955705 2.2502791650280684e-09
LDH -3.25079 -3.2483945640001135 0.00013375869350618075 0.0 0.0
LACT 3.25079 3.2483945640001135 0.00013375869350618075 0.0035603462342084064 1.2657390972670157e-09
PYRTM 3.25081 3.2484053630001117 0.00013383413754830542 0.0035613383260356506 1.2664374075765927e-09
PEPTM 1.68209 1.6830954599999888 4.8035175335581215e-05 0.004117853972793937 1.6976998987949798e-09
PDH 1.50418 1.5057348299999957 0.00018496661841371775 0.009032296424900462 8.175112491248805e-09
CS 0.0645364 0.05957517269999987 3.0862027017160634e-05 0.09324958626410683 7.409944850005789e-07
NDKGTPM 1.68209 1.6830954599999888 4.8035175335581215e-05 0.004117853972793937 1.6976998987949798e-09
OAAFLX 0.0 0.0 0.0 0.0 0.0
ACOAFLX 0.0 0.0 0.0 0.0 0.0
CITFLX 0.0 0.0 0.0 0.0 0.0
