g 1 2 3 4 5 6 7 8 9 10 11 12 13 14 15 16 17 18 19 20 21 22 23 24 25 26 27 28 29 30 31 32 33 34 35 36 37 38 39 40
100 9.51501e-05 0.000238075 0.000287681 1.58471e-05 6.85807e-06 6.36107e-05 1.36879e-05 0 0.000114758 4.20599e-06 8.95901e-07 0 4.69807e-05 0.000360356 6.03665e-05 3.9456e-05 3.48924e-05 0.000426966 0.000124323 9.76906e-05 3.84044e-05 0.00018106 0.000217939 1.67036e-06 0.000697242 2.78844e-06 0.000668257 5.84023e-05 0 5.59804e-05 1.89018e-05 1.24385e-06 1.41007e-05 1.90279e-05 1.47915e-05 1.88367e-05 5.54869e-05 8.00311e-05 1.84067e-06 3.13434e-05
200 5.64663e-05 1.10735e-05 0.000197857 7.31817e-05 3.69421e-05 7.68127e-05 1.96501e-05 0 8.98672e-05 6.19328e-06 1.08645e-06 1.83654e-07 0.0011001 0.000493485 1.19525e-06 3.29742e-05 5.21809e-05 0.000330733 7.39991e-05 0.000108667 2.52743e-05 3.59018e-06 6.21475e-05 2.64482e-06 0.00110542 5.94025e-06 0.00139249 0.000130998 1.09569e-06 0.000529658 3.36108e-05 2.25387e-06 2.43496e-05 3.99134e-05 3.70037e-06 3.06614e-05 2.27148e-05 3.30458e-05 1.11389e-05 1.39069e-05
300 8.15709e-05 0.000162818 0.00127263 8.98374e-06 3.18721e-06 8.79266e-05 0.000594624 0 0.000106197 0.000234034 1.09216e-06 3.08032e-07 3.39732e-05 0.000324435 7.45537e-06 8.04548e-05 1.70681e-05 5.14045e-07 9.61238e-05 2.58857e-05 0.000162226 2.23551e-05 0.000387453 1.71968e-06 0.000718283 2.62595e-06 0.000166102 0.000165255 5.14516e-08 2.60641e-06 1.28372e-05 8.00441e-07 1.05201e-05 6.22612e-05 1.14741e-06 0.000834482 6.47502e-07 2.32845e-05 2.84619e-06 9.48773e-06
400 0.000234472 0.000590664 1.05269e-05 8.83334e-05 3.97627e-05 8.51033e-05 0.000135193 0 3.59633e-05 5.30557e-05 8.341e-07 2.3017e-07 0.00132314 0.000632964 1.86845e-07 0.000144949 6.53624e-05 1.64756e-06 0.000306196 3.51923e-05 2.84234e-05 5.01525e-07 9.67299e-06 2.66319e-06 0.0011129 2.27247e-06 0.000793944 8.41905e-05 3.3683e-08 2.11096e-06 1.94073e-05 1.28719e-06 1.39855e-05 4.4582e-05 1.76822e-05 0.000180256 1.84569e-05 2.69308e-05 1.03187e-05 1.23895e-05
500 3.99898e-05 3.82553e-05 0.000116202 2.63882e-05 2.45006e-05 0.000125938 0.000286351 0 9.926e-05 0.000112477 7.17434e-07 2.43827e-07 7.6842e-05 0.000549876 2.9898e-06 4.59766e-05 5.47639e-05 0.00108323 5.48884e-05 4.16132e-06 1.50509e-05 8.9744e-06 3.80254e-05 3.13439e-06 0.0013109 0.000113152 0.000535236 0.000112019 1.96245e-06 0.000947782 1.45838e-05 2.68717e-05 0.000631041 6.40733e-05 6.14063e-06 0.000412425 1.45732e-05 0.000634876 9.28466e-06 0.000250268
600 0.000171364 0.000413121 6.22132e-05 1.32778e-05 3.8174e-06 8.36472e-05 0.000489179 0 8.93817e-05 0.000192339 4.36081e-07 5.53738e-08 4.31079e-05 0.000664583 3.87453e-05 0.000165175 4.25619e-05 8.04022e-07 0.000223202 2.5388e-05 2.13816e-05 0.00011621 0.000130409 2.16289e-06 0.000904082 4.50938e-06 5.75561e-05 4.86552e-05 1.04689e-06 0.000510217 4.48456e-06 3.08199e-07 5.32951e-06 5.37019e-05 5.96973e-06 1.637e-05 1.82176e-05 2.63027e-05 2.48597e-06 1.0496e-05
700 4.1081e-05 2.61924e-05 0.00045268 5.65153e-06 1.03168e-05 0.000100249 5.57569e-05 3.02641e-08 7.58757e-05 1.53485e-05 7.46459e-07 1.33102e-07 3.04351e-05 0.000315729 2.66629e-06 0.00025741 3.61069e-05 0.000207666 5.05844e-05 9.38821e-06 5.76474e-05 7.99313e-06 0.000138132 1.63869e-06 0.000684942 5.46414e-06 0.000119525 0.00018545 1.22438e-06 0.000592311 9.2136e-06 6.17483e-07 8.79348e-06 9.28625e-05 1.05581e-06 0.000644441 1.50886e-05 0.000639541 2.85483e-06 0.000252327
800 8.77862e-06 1.29277e-05 0.000325235 2.25882e-05 2.37079e-05 0.000101288 0.000492438 0 2.65529e-05 0.000193814 3.00555e-07 1.12275e-07 6.34163e-05 0.000451032 1.92064e-06 0.000142767 4.83693e-05 0.000541572 2.0019e-05 7.38987e-05 4.14659e-05 5.76463e-06 9.88897e-05 2.51769e-06 0.00105209 0.000100726 0.000474612 6.40555e-05 1.17215e-06 0.000568464 1.1513e-05 2.39493e-05 0.000562509 0.000134143 3.58418e-06 2.53927e-05 1.86023e-05 0.000675852 9.71635e-06 0.000266787
900 5.94996e-06 7.74096e-06 0.000191348 2.23647e-05 9.21124e-06 0.00010086 0.000177716 0 7.08491e-05 6.99744e-05 9.73866e-07 0 0.000296204 0.000216444 2.5344e-05 0.00013798 2.10389e-05 2.66044e-07 6.78433e-06 9.46104e-05 2.43733e-05 7.60131e-05 0.000101962 1.49891e-06 0.00062691 0.000183255 0.00120914 0.000102771 3.84783e-07 0.000182931 2.82837e-05 4.36731e-05 0.00102394 3.46935e-05 1.2567e-05 5.81471e-06 2.81362e-05 0.000577503 2.65274e-06 0.000227539
1000 7.00438e-05 0.000178069 0.000261791 9.46397e-05 4.16014e-05 0.00010274 0.000685444 0 7.7626e-05 0.000270011 6.26438e-07 1.85959e-07 0.00136786 0.00165962 3.87984e-06 0.000108345 9.92355e-05 2.23958e-06 9.90322e-05 6.11474e-05 3.46147e-05 1.16373e-05 8.04757e-05 4.19082e-06 0.00175127 1.86243e-06 0.000103278 3.64291e-05 1.94954e-07 0.000101591 8.10242e-06 5.09929e-07 6.63798e-06 0.000102025 6.09705e-06 0.000184693 3.50774e-05 5.74319e-05 1.13452e-05 2.35981e-05
1100 3.50218e-06 8.44725e-06 0.00010739 2.86264e-05 9.25122e-06 8.28339e-05 3.638e-05 0 6.08748e-05 7.80478e-06 7.79399e-07 2.67481e-07 0.000250316 0.000629661 5.17111e-06 0.000172807 6.32447e-05 0.000871545 2.42745e-05 2.78821e-06 1.3887e-05 1.5519e-05 3.67821e-05 2.728e-06 0.00114062 0.000177666 0.000836557 0.000258811 3.67212e-06 0.0017762 1.92527e-05 4.21421e-05 0.00099018 5.33464e-05 1.1775e-05 0.00021266 4.44237e-06 0.000195216 2.0442e-06 7.69378e-05
1200 8.46745e-06 5.12138e-06 2.51891e-05 1.9503e-05 2.56754e-06 0.000133141 0.000382332 0 3.2295e-05 0.000150297 5.39157e-07 5.42708e-07 4.96854e-05 0.000333475 2.41825e-05 8.53217e-05 3.53752e-05 8.86014e-07 1.84342e-05 6.18828e-05 3.55501e-06 7.25332e-05 8.03801e-05 2.02448e-06 0.000846792 3.74652e-06 0.00111732 0.000101853 6.78694e-07 0.000322289 2.58078e-05 1.73886e-06 1.82689e-05 7.63839e-05 2.45924e-06 1.82884e-05 3.88239e-06 6.09021e-06 2.04305e-06 2.78396e-06
1300 1.77327e-05 2.31298e-05 0.000661266 1.00573e-05 5.58743e-06 6.91805e-05 0.000737661 0 7.37109e-05 0.000290571 1.07775e-06 0 3.33606e-05 0.000287891 9.90194e-06 4.44037e-05 2.36946e-05 0.000345703 1.11525e-05 1.28699e-05 8.41956e-05 2.96991e-05 0.000203135 1.68911e-06 0.000706402 7.79624e-05 0.0022519 0.000199055 9.22857e-07 0.000446705 5.16923e-05 1.88153e-05 0.0004359 5.23474e-05 6.3916e-06 0.000260779 2.83948e-05 4.10595e-05 4.40094e-06 1.6215e-05
1400 0.00017939 0.000456506 7.39858e-05 2.50067e-05 4.42144e-05 8.67909e-05 3.93589e-05 0 4.91513e-05 7.30401e-06 5.24049e-07 8.25465e-08 7.38579e-05 0.00092632 7.11253e-05 0.000141004 6.74552e-05 1.58568e-06 0.000235389 5.43673e-05 2.40184e-05 0.000213331 0.000236497 2.75582e-06 0.0011511 0.000141107 0.00081462 7.97153e-05 7.37317e-07 0.00035813 1.91235e-05 3.36879e-05 0.000788603 4.45062e-05 4.22241e-06 3.19576e-05 3.23902e-05 0.0007985 1.81523e-05 0.000314624
1500 7.65704e-05 0.000194959 0.000125767 2.08739e-05 1.49598e-05 4.84314e-05 2.23137e-05 0 3.35334e-05 7.09087e-06 5.15409e-07 4.12732e-08 6.12962e-05 0.000541205 7.26818e-07 0.000250604 5.76646e-05 1.30461e-06 0.000101662 9.37368e-05 1.91998e-05 2.21013e-06 3.83613e-05 2.56548e-06 0.00107138 9.26944e-05 0.000773608 6.51559e-05 2.17423e-07 9.23505e-05 1.82465e-05 2.20985e-05 0.000518049 0.000132607 3.67787e-06 3.30502e-05 2.8861e-05 0.00125837 2.22508e-06 0.000495799
1600 8.2381e-06 8.90038e-06 0.000238599 7.58315e-06 2.20688e-05 4.72007e-05 1.37389e-05 0 8.29995e-06 6.45952e-06 7.82385e-07 1.47664e-07 2.83019e-05 0.000365091 4.50104e-05 0.000396998 5.58811e-05 0.000475748 1.16885e-05 4.8253e-05 3.03969e-05 0.000135 0.000165461 2.11881e-06 0.000885805 1.05747e-05 0.00109216 0.000170858 2.47568e-06 0.00119319 2.55713e-05 1.75214e-06 2.05002e-05 8.28867e-05 1.04936e-06 0.000658228 1.7329e-05 0.000755719 2.79751e-06 0.000297866
1700 2.06071e-05 1.23616e-05 0.000336608 1.21277e-05 1.69535e-05 5.51395e-05 2.47716e-05 0 6.94952e-05 4.60231e-06 8.05982e-07 6.46555e-07 4.15663e-05 0.000420218 5.45815e-05 0.000221876 4.10737e-05 0.000592225 2.70603e-05 1.12349e-05 4.28893e-05 0.000163709 0.000207694 2.30017e-06 0.000960331 1.94058e-06 0.000151344 7.02389e-05 0 1.90763e-06 9.72877e-06 6.08955e-07 7.87501e-06 7.16758e-05 1.56094e-05 1.5584e-05 2.15777e-05 0.000274701 2.48413e-06 0.000108488
1800 0.000104822 0.000257763 0.000975459 6.30055e-05 2.93549e-05 8.59312e-05 0.000114446 1.01283e-07 4.23287e-05 4.39735e-05 7.85799e-07 8.75537e-08 0.000963452 0.000393582 5.77645e-06 0.000379779 6.0953e-05 8.80137e-07 0.000132973 6.52116e-05 0.000124796 1.73187e-05 0.000296577 2.14232e-06 0.00089456 8.7671e-06 0.000800892 0.000115441 2.01221e-06 0.000972787 2.00909e-05 1.37083e-06 1.63223e-05 3.47348e-05 1.83588e-05 0.000448006 1.78939e-05 0.000650112 7.73578e-06 0.000256415
1900 2.24163e-06 8.6697e-06 8.48538e-07 4.71717e-05 2.76133e-05 4.92238e-05 8.86135e-05 8.87518e-08 5.21288e-05 3.47838e-05 6.47987e-07 3.04416e-07 0.000596613 0.000618757 6.46604e-08 0.000309938 7.97263e-05 1.81565e-06 2.74413e-05 4.67696e-05 2.68062e-06 0 1.85265e-07 3.23649e-06 0.00135244 0.000293488 0.00163145 0.000132805 7.64883e-07 0.000362504 3.59218e-05 6.98535e-05 0.00164189 4.51599e-05 8.28212e-06 0.000888495 1.90854e-05 0.000838511 8.37959e-06 0.000330404
2000 4.39943e-05 9.67877e-05 1.86825e-05 3.66928e-05 3.2119e-05 9.8991e-05 3.67637e-05 1.38688e-07 1.4189e-05 8.08368e-06 6.99638e-07 4.6841e-07 0.00048504 0.000488571 1.80819e-05 0.000197664 5.27701e-05 0.00099372 5.95813e-05 6.82185e-06 5.98451e-06 5.42188e-05 6.03571e-05 2.17605e-06 0.000909469 0.000168021 0.00165384 0.000140457 3.58319e-07 0.000166028 3.73003e-05 4.00465e-05 0.000939838 6.58847e-05 3.27474e-06 2.57113e-05 9.03048e-06 1.37249e-05 1.06899e-05 8.25695e-06
2100 0.00026847 0.000683284 0.000270892 1.85925e-05 2.3869e-05 0.000141364 0.00029369 1.8656e-07 2.72405e-05 0.000114176 9.10245e-07 0 5.27184e-05 0.000470014 3.91283e-06 0.000249575 5.18965e-05 1.00886e-06 0.000349807 8.19438e-05 4.75395e-05 1.17398e-05 8.31608e-05 2.30211e-06 0.000961907 0.000131836 0.00155195 0.000175049 8.96457e-07 0.000429934 3.57237e-05 3.14652e-05 0.00073653 3.70135e-05 3.01471e-06 2.03002e-05 9.79711e-06 0.000428817 9.85891e-06 0.000168972
2200 1.41485e-06 5.46025e-06 5.35895e-07 2.28539e-05 1.88827e-05 5.51599e-05 1.35683e-05 1.8108e-07 4.03652e-05 3.26693e-06 7.3268e-07 1.1527e-07 0.000218513 0.00041653 0 0.000106532 4.32722e-05 1.1197e-06 1.71219e-05 1.75416e-05 1.67084e-06 0 0 2.17987e-06 0.000910672 7.83979e-05 0.000383543 2.97113e-05 1.67288e-07 7.79798e-05 1.10539e-05 1.86804e-05 0.000438146 7.41646e-05 2.98886e-06 6.92857e-05 3.35722e-05 0.000110075 6.99092e-06 4.35473e-05
2300 7.55113e-05 0.00016414 1.97036e-05 1.48515e-05 2.402e-05 6.45095e-05 2.80572e-05 1.61849e-07 8.6851e-05 5.56038e-06 9.04344e-07 7.78742e-07 4.19316e-05 0.000317368 1.84427e-05 0.000348823 5.75031e-05 0.000234377 9.85689e-05 1.04852e-05 8.35908e-06 5.53161e-05 6.22435e-05 1.85783e-06 0.000776269 5.30092e-06 0.00232761 0.000203604 2.89752e-07 0.000141097 5.36091e-05 3.60286e-06 3.75774e-05 5.57409e-05 2.7026e-06 1.73949e-05 4.10217e-05 5.91503e-05 9.81991e-06 2.32568e-05
2400 1.98296e-05 2.74589e-05 0.00073143 5.26237e-05 2.20157e-05 6.15183e-05 0.00089651 6.90128e-08 6.631e-05 0.000353209 6.34383e-07 3.0217e-07 0.000717451 0.000850554 4.29729e-06 8.00009e-05 6.75914e-05 0.000135118 2.73078e-05 1.3944e-05 9.31301e-05 1.28864e-05 0.000222502 3.16362e-06 0.001322 2.8754e-05 0.000389487 3.32301e-05 6.14965e-08 2.8579e-05 1.05781e-05 6.87669e-06 0.00016071 6.94208e-05 4.52094e-06 3.31245e-05 2.22384e-05 0.000842307 7.29057e-06 0.000331763
2500 0.000145167 0.00023919 0.000783676 4.78865e-05 2.38197e-05 0.000106586 2.0657e-05 8.00713e-08 5.87007e-05 6.3441e-06 9.47436e-07 0 0.000644813 0.000538964 3.23701e-05 0.000133721 5.45271e-05 0.000838175 0.000184895 5.41701e-05 0.000100416 9.70905e-05 0.000262773 2.58438e-06 0.00108084 4.31862e-06 0.000444549 3.87428e-05 0 4.25481e-06 1.41732e-05 1.27112e-06 2.31328e-05 0.000125997 4.61879e-06 0.000613795 2.99063e-05 0.000844338 7.95837e-06 0.000332766
2600 0.00018995 0.000483423 8.28524e-06 2.29369e-05 1.42848e-05 5.32238e-05 2.33122e-05 5.41381e-08 6.94224e-05 7.48517e-06 4.39631e-07 7.2669e-08 0.000321148 0.000455403 1.07227e-07 0.000128304 2.81366e-05 0.000360526 0.000247657 2.874e-05 2.31963e-05 1.18266e-07 2.38547e-06 2.10187e-06 0.000878734 6.47835e-06 0.00057626 8.47093e-05 1.49577e-06 0.000721998 1.46513e-05 1.02953e-06 1.1624e-05 0.000114068 1.87112e-06 0.00041443 8.95004e-06 0.000371637 4.85568e-06 0.000146599
2700 0.000253134 0.000641584 1.11483e-05 1.51883e-05 1.18776e-05 0.000100551 0.000673014 0 2.59544e-05 0.000265133 1.1935e-06 2.03875e-07 0.000112085 0.000404417 1.33301e-07 6.94469e-05 2.00505e-05 5.1113e-07 0.000329727 7.10841e-05 3.07585e-05 3.76183e-07 7.17335e-06 1.96103e-06 0.000818736 2.50396e-06 0.000318968 0.000107287 4.7635e-08 2.45337e-06 1.40585e-05 9.27356e-07 1.07288e-05 4.33151e-05 2.54049e-06 0.000504955 6.31339e-06 0.000274126 5.62209e-06 0.000107991
2800 0.00011983 0.000305232 5.20434e-06 2.77044e-05 1.91673e-05 8.8063e-05 0.00059586 0 7.37684e-05 0.00023461 6.12073e-07 5.2207e-08 0.000370543 0.000687577 6.62571e-08 0.000245478 4.89693e-05 0.00054341 0.000156917 9.24489e-05 1.47127e-05 0 1.0349e-06 1.89641e-06 0.000792582 3.89797e-06 9.08151e-05 8.61372e-05 8.68495e-07 0.000419496 8.30697e-06 6.02732e-07 6.6432e-06 7.58363e-05 2.26737e-06 0.000110464 2.84517e-05 4.08873e-05 7.72099e-06 1.6241e-05
2900 6.91959e-05 9.32636e-05 0.000725167 3.6391e-05 1.51293e-05 9.86004e-05 0.00052765 0 9.34054e-05 0.000207439 7.36793e-07 1.79906e-07 0.000411798 0.00107755 4.26111e-06 0.000432877 9.15234e-05 0.000307379 8.93096e-05 3.40862e-05 9.247e-05 1.27774e-05 0.000221221 2.95481e-06 0.00123512 3.81499e-05 0.00085034 0.000108349 1.10788e-06 0.000535537 2.15088e-05 9.13805e-06 0.000211825 6.08547e-05 4.59577e-06 3.30078e-05 5.03597e-06 7.75611e-06 5.84402e-06 3.97517e-06
3000 0.000128463 0.000326264 0.000403082 2.47084e-05 2.81446e-05 0.000145616 0.000423683 0 7.49781e-05 0.000166486 7.47499e-07 0 0.000260653 0.000352918 2.37322e-06 0.000136976 3.10118e-05 0.000312501 0.000167113 2.09295e-05 5.36429e-05 7.11554e-06 0.000122589 1.79618e-06 0.000749316 1.05742e-05 0.000511477 0.000128658 2.48003e-06 0.00120065 1.4928e-05 1.11778e-06 1.38564e-05 5.97112e-05 2.19713e-06 0.000454045 1.25321e-06 2.76472e-06 1.17256e-05 2.91296e-06
3100 0.000103083 1.77537e-05 0.000343451 8.28255e-05 3.67958e-05 0.000166081 0.000169247 0 3.99143e-05 6.2707e-05 9.90135e-07 0 0.00122335 0.000879912 3.49792e-05 4.82999e-05 6.70671e-05 0.000861468 0.000132366 6.81415e-05 4.38395e-05 0.000104924 0.000158175 3.33997e-06 0.00139525 0.000117875 0.000682227 7.84912e-05 2.49421e-07 0.000116756 1.78461e-05 2.80858e-05 0.000659046 4.21712e-05 8.74851e-06 0.000605241 2.56342e-05 3.75812e-05 9.73475e-06 1.59454e-05
3200 0.000153912 0.000379032 2.75739e-05 6.21057e-05 3.49969e-05 0.000120079 0.000218781 0 3.03745e-05 8.64856e-05 7.76512e-07 2.35294e-07 0.000923615 0.0004752 2.54701e-05 5.64083e-05 3.87458e-05 0.000555676 0.000200633 0.000107419 1.85585e-05 7.63833e-05 8.52871e-05 2.34265e-06 0.000978576 0.000117722 0.000784811 6.749e-05 4.0279e-07 0.000197393 1.88603e-05 2.80479e-05 0.000658253 6.0831e-05 2.7154e-06 2.07068e-05 1.03595e-06 5.7237e-06 1.02034e-05 7.52852e-06
3300 0.000167753 0.00042175 2.8888e-05 6.88155e-05 3.07452e-05 7.39672e-05 1.04316e-05 0 5.91726e-05 5.79412e-06 7.19716e-07 1.26541e-07 0.000982437 0.00140697 2.69563e-05 8.23518e-05 8.30011e-05 0.000497474 0.000221145 2.53791e-05 2.08e-05 8.08544e-05 8.99581e-05 3.62391e-06 0.00151439 5.13632e-06 0.000109271 5.36208e-05 1.1577e-06 0.000560599 8.37286e-06 5.41621e-07 8.06831e-06 2.81935e-05 1.79204e-05 0.000802898 1.09756e-05 0.000163652 7.75817e-06 6.47894e-05
3400 3.65203e-06 2.45447e-06 5.23434e-05 2.22101e-05 1.21115e-05 2.72384e-05 0.000303785 5.2419e-08 5.0867e-05 0.000119588 1.01256e-06 1.18907e-07 0.000337172 0.000216723 2.96939e-05 0.000245944 3.53272e-05 0.000210467 7.63083e-06 1.60207e-05 6.71809e-06 8.90461e-05 9.94568e-05 1.46727e-06 0.000613623 2.81545e-06 0.000778713 6.84356e-05 1.3751e-08 2.66855e-06 2.0858e-05 1.37933e-06 1.52532e-05 4.53185e-05 2.80779e-06 7.2398e-06 7.35768e-06 0.000315852 3.53144e-06 0.000124489
