g 1 2 3 4 5 6 7 8 9 10 11 12 13 14 15 16 17 18 19 20 21 22 23 24 25 26 27 28 29 30 31 32 33 34 35 36 37 38 39 40
100 3.17025e-10 2.95803e-10 2.79152e-09 5.59283e-12 1.85004e-15 3.79423e-13 4.41139e-14 0 4.59262e-16 2.75869e-14 5.03829e-16 0 8.11328e-14 3.00005e-14 1.54827e-08 1.1095e-13 5.26547e-12 5.14703e-07 2.89342e-10 5.67609e-14 2.96442e-09 1.54827e-08 1.46724e-08 1.19132e-14 1.18879e-14 1.85863e-16 2.45293e-16 1.12355e-19 0 7.51694e-18 1.46383e-15 6.89607e-16 1.483e-16 4.33295e-14 2.18449e-10 2.50302e-12 6.03902e-13 1.42808e-13 8.04803e-16 1.59544e-13
200 1.11649e-10 6.39943e-13 1.32046e-09 1.19271e-10 5.36812e-14 5.53262e-13 9.09144e-14 0 2.81638e-16 5.98146e-14 7.40944e-16 7.03437e-13 4.44862e-11 5.6262e-14 6.06981e-12 7.74899e-14 1.1776e-11 3.08843e-07 1.02509e-10 7.02326e-14 1.28391e-09 6.08752e-12 1.19309e-09 2.98676e-14 2.98799e-14 8.43489e-16 1.06506e-15 5.65272e-19 6.8836e-16 6.72897e-16 4.62853e-15 2.26425e-15 4.42222e-16 1.9065e-13 1.36715e-11 6.63189e-12 1.01205e-13 2.43483e-14 2.94729e-14 3.14088e-14
300 2.32995e-10 1.38348e-10 5.46326e-08 1.7974e-12 3.99576e-16 7.24946e-13 8.32474e-11 0 3.9329e-16 8.54138e-11 7.4875e-16 1.97886e-12 4.24258e-14 2.43174e-14 2.36152e-10 4.61321e-13 1.25992e-12 7.4607e-13 1.72972e-10 3.98528e-15 5.28952e-08 2.36027e-10 4.63738e-08 1.26271e-14 1.2615e-14 1.64833e-16 1.51558e-17 8.9958e-19 1.51788e-18 1.6295e-20 6.75192e-16 2.85579e-16 8.25456e-17 4.6391e-13 1.3145e-12 4.91259e-09 8.22367e-17 1.20885e-14 1.92427e-15 1.46189e-14
400 1.9251e-09 1.82082e-09 3.73782e-12 1.73773e-10 6.21911e-14 6.79134e-13 4.30346e-12 0 4.51033e-17 4.38962e-12 4.36717e-16 1.10489e-12 6.43478e-11 9.2557e-14 1.48326e-13 1.49737e-12 1.84769e-11 7.66409e-12 1.75509e-09 7.36607e-15 1.62379e-09 1.18794e-13 2.89033e-11 3.02839e-14 3.0286e-14 1.23443e-16 3.46262e-16 2.33487e-19 6.50521e-19 1.06888e-20 1.54317e-15 7.38504e-16 1.45886e-16 2.3786e-13 3.12176e-10 2.29208e-10 6.68191e-14 1.6171e-14 2.5292e-14 2.49284e-14
500 5.59982e-11 7.63759e-12 4.55456e-10 1.55077e-11 2.36119e-14 1.48723e-12 1.93067e-11 0 3.43585e-16 1.97284e-11 3.23092e-16 1.2399e-12 2.17045e-13 6.98594e-14 3.79785e-11 1.50651e-13 1.29708e-11 3.31259e-06 5.63987e-11 1.02992e-16 4.55304e-10 3.80382e-11 4.46656e-10 4.19482e-14 4.20228e-14 3.06053e-13 1.57363e-16 4.13346e-19 2.20819e-15 2.15455e-15 8.71409e-16 3.21852e-13 2.97023e-13 4.9131e-13 3.76489e-11 1.19988e-09 4.16578e-14 8.98702e-12 2.04771e-14 1.01719e-11
600 1.0283e-09 8.90666e-10 1.30551e-10 3.92632e-12 5.73211e-16 6.56093e-13 5.63446e-11 0 2.78604e-16 5.76894e-11 1.19371e-16 6.39488e-14 6.83082e-14 1.0204e-13 6.37812e-09 1.94438e-12 7.83459e-12 1.82521e-12 9.32634e-10 3.83353e-15 9.18873e-10 6.37808e-09 5.25343e-09 1.99745e-14 1.99844e-14 4.86075e-16 1.81974e-18 7.79817e-20 6.28404e-16 6.24412e-16 8.23994e-17 4.23381e-17 2.11851e-17 3.4513e-13 3.55825e-11 1.89039e-12 6.50975e-14 1.54254e-14 1.46801e-15 1.7891e-14
700 5.90961e-11 3.58033e-12 6.91171e-09 7.11316e-13 4.18671e-15 9.42384e-13 7.31978e-13 8.88178e-15 2.00767e-16 3.67364e-13 3.49764e-16 3.69482e-13 3.40493e-14 2.30303e-14 3.02043e-11 4.72218e-12 5.6384e-12 1.21759e-07 4.79006e-11 5.24211e-16 6.67941e-09 3.01746e-11 5.89402e-09 1.14657e-14 1.14724e-14 7.13696e-16 7.84763e-18 1.1329e-18 8.59555e-16 8.41497e-16 3.4781e-16 1.69949e-16 5.76739e-17 1.03201e-12 1.113e-12 2.92957e-09 4.46565e-14 9.11994e-12 1.93595e-15 1.03398e-11
800 2.69854e-12 8.722e-13 3.56792e-09 1.1363e-11 2.21087e-14 9.62001e-13 5.70943e-11 0 2.45875e-17 5.8579e-11 5.67038e-17 2.62901e-13 1.47829e-13 4.69993e-14 1.56728e-11 1.45265e-12 1.01185e-11 8.28107e-07 7.50232e-12 3.24801e-14 3.45589e-09 1.56947e-11 3.02084e-09 2.70652e-14 2.7067e-14 2.42523e-13 1.23735e-16 1.35159e-19 7.87781e-16 7.75089e-16 5.4308e-16 2.55654e-13 2.36011e-13 2.15345e-12 1.28264e-11 4.54855e-12 6.78766e-14 1.01849e-11 2.24254e-14 1.15589e-11
900 1.23966e-12 3.12724e-13 1.235e-09 1.11393e-11 3.33747e-15 9.53903e-13 7.43616e-12 0 1.75048e-16 7.63565e-12 5.95335e-16 0 3.22517e-12 1.08231e-14 2.72902e-09 1.35686e-12 1.91435e-12 1.9984e-13 8.61637e-13 5.32383e-14 1.194e-09 2.72888e-09 3.21152e-09 9.59302e-15 9.60954e-15 8.02745e-13 8.03175e-16 3.47916e-19 8.4893e-17 8.02695e-17 3.27759e-15 8.50155e-13 7.8194e-13 1.44045e-13 1.57685e-10 2.38512e-13 1.5528e-13 7.43635e-12 1.67157e-15 8.40806e-12
1000 1.71796e-10 1.65483e-10 2.3117e-09 1.99471e-10 6.80764e-14 9.89791e-13 1.10621e-10 0 2.10139e-16 1.13693e-10 2.46331e-16 7.21201e-13 6.87709e-11 6.36388e-13 6.3956e-11 8.36607e-13 4.25898e-11 1.41616e-11 1.83596e-10 2.22384e-14 2.40823e-09 6.39606e-11 2.00059e-09 7.49904e-14 7.49788e-14 8.29144e-17 5.85921e-18 4.37149e-20 2.17925e-17 2.4756e-17 2.68975e-16 1.15901e-16 3.28647e-17 1.2457e-12 3.71164e-11 2.40637e-10 2.41344e-13 7.35438e-14 3.05745e-14 9.04366e-14
1100 4.2949e-13 3.72393e-13 3.89e-10 1.825e-11 3.36651e-15 6.43397e-13 3.11622e-13 0 1.29231e-16 9.49922e-14 3.81314e-16 1.49214e-12 2.30316e-12 9.16e-14 1.13611e-10 2.12827e-12 1.72992e-11 2.14446e-06 1.10308e-11 4.62378e-17 3.8761e-10 1.13746e-10 4.17928e-10 3.17758e-14 3.18139e-14 7.54542e-13 3.84415e-16 2.20651e-18 7.73166e-15 7.56859e-15 1.51868e-15 7.91587e-13 7.31329e-13 3.40573e-13 1.38435e-10 3.19032e-10 3.8709e-15 8.49697e-13 9.92614e-16 9.61327e-13
1200 2.51062e-12 1.36882e-13 2.14014e-11 8.47097e-12 2.59307e-16 1.66221e-12 3.44189e-11 0 3.63716e-17 3.52256e-11 1.82471e-16 6.14264e-12 9.07436e-14 2.56914e-14 2.48459e-09 5.18822e-13 5.41218e-12 2.21645e-12 6.36147e-12 2.27763e-14 2.54015e-11 2.48476e-09 1.99582e-09 1.74999e-14 1.75333e-14 3.35527e-16 6.85839e-16 3.41736e-19 2.64112e-16 2.49151e-16 2.72888e-15 1.34772e-15 2.48932e-16 6.98243e-13 6.0385e-12 2.35944e-12 2.95651e-15 8.26992e-16 9.91503e-16 1.25868e-15
1300 1.1011e-11 2.792e-12 1.47486e-08 2.25263e-12 1.22802e-15 4.48778e-13 1.28115e-10 0 1.89475e-16 1.31668e-10 7.29126e-16 0 4.09094e-14 1.91486e-14 4.16576e-10 1.4052e-13 2.42815e-12 3.37421e-07 2.32836e-12 9.85133e-16 1.42481e-08 4.16578e-10 1.27465e-08 1.21821e-14 1.22016e-14 1.45292e-13 2.78602e-15 1.30523e-18 4.88325e-16 4.78627e-16 1.0948e-14 1.57793e-13 1.41724e-13 3.27938e-13 4.07893e-11 4.79743e-10 1.58146e-13 3.75891e-14 4.60073e-15 4.26997e-14
1400 1.12688e-09 1.08756e-09 1.84633e-10 1.39266e-11 7.68966e-14 7.06337e-13 3.64745e-13 0 8.42483e-17 8.31932e-14 1.72388e-16 1.42109e-13 2.00517e-13 1.98227e-13 2.14934e-08 1.41696e-12 1.96792e-11 7.09921e-12 1.03726e-09 1.75802e-14 1.15948e-09 2.14935e-08 1.72777e-08 3.24272e-14 3.24046e-14 4.75955e-13 3.64529e-16 2.09323e-19 3.11708e-16 3.07648e-16 1.49836e-15 5.05844e-13 4.63833e-13 2.37051e-13 1.78011e-11 7.20448e-12 2.05782e-13 1.42156e-11 7.82713e-14 1.60761e-11
1500 2.05303e-10 1.98365e-10 5.33522e-10 9.70372e-12 8.80306e-15 2.19947e-13 1.17232e-13 0 3.92143e-17 7.84086e-14 1.6675e-16 3.55271e-14 1.38109e-13 6.7676e-14 2.24443e-12 4.47586e-12 1.43812e-11 4.80549e-12 1.93476e-10 5.22602e-14 7.40916e-10 2.30699e-12 4.54583e-10 2.81025e-14 2.807e-14 2.05388e-13 3.2877e-16 1.39844e-19 2.71051e-17 2.04574e-17 1.36409e-15 2.17667e-13 2.00164e-13 2.10441e-12 1.35058e-11 7.70555e-12 1.63382e-13 3.53104e-11 1.17606e-15 3.99191e-11
1600 2.37646e-12 4.13418e-13 1.92021e-09 1.28065e-12 1.91574e-14 2.0891e-13 4.44433e-14 0 2.40238e-18 6.50677e-14 3.84241e-16 4.54747e-13 2.94433e-14 3.07954e-14 8.60753e-09 1.12322e-11 1.35054e-11 6.39025e-07 2.55756e-12 1.38483e-14 1.8571e-09 8.60749e-09 8.45691e-09 1.91687e-14 1.91856e-14 2.67303e-15 6.55249e-16 9.61617e-19 3.51422e-15 3.41493e-15 2.67909e-15 1.36837e-15 3.13455e-16 8.22184e-13 1.09945e-12 3.05652e-09 5.89016e-14 1.27345e-11 1.859e-15 1.44085e-11
1700 1.487e-11 7.97476e-13 3.82164e-09 3.27556e-12 1.13058e-14 2.85097e-13 1.44481e-13 0 1.68423e-16 3.30307e-14 4.07768e-16 8.71836e-12 6.35096e-14 4.07975e-14 1.26575e-08 3.5085e-12 7.29629e-12 9.90299e-07 1.3708e-11 7.50732e-16 3.69723e-09 1.26575e-08 1.33253e-08 2.25904e-14 2.25522e-14 9.00193e-17 1.2582e-17 1.62513e-19 0 8.72882e-21 3.87791e-16 1.65287e-16 4.62552e-17 6.14822e-13 2.43277e-10 1.71323e-12 9.13252e-14 1.68247e-12 1.46584e-15 1.9114e-12
1800 3.84749e-10 3.46749e-10 3.20925e-08 8.84076e-11 3.38956e-14 6.92417e-13 3.08391e-12 9.9476e-14 6.24828e-17 3.01543e-12 3.87602e-16 1.59872e-13 3.41186e-11 3.57874e-14 1.41767e-10 1.02795e-11 1.6068e-11 2.18714e-12 3.31007e-10 2.52929e-14 3.13029e-08 1.41657e-10 2.71701e-08 1.95963e-14 1.95669e-14 1.83731e-15 3.52326e-16 4.38991e-19 2.3216e-15 2.27001e-15 1.6538e-15 8.376e-16 1.98711e-16 1.44389e-13 3.36522e-10 1.41582e-09 6.28039e-14 9.42306e-12 1.4215e-14 1.06778e-11
1900 1.75956e-13 3.92265e-13 2.42861e-14 4.95558e-11 2.9993e-14 2.27204e-13 1.84886e-12 7.63833e-14 9.47638e-17 1.88677e-12 2.6357e-16 1.93268e-12 1.30835e-11 8.84525e-14 1.77636e-14 6.84622e-12 2.74902e-11 9.30767e-12 1.40968e-11 1.30098e-14 1.44427e-11 0 1.06026e-14 4.47255e-14 4.47298e-14 2.05901e-12 1.46204e-15 5.8098e-19 3.35452e-16 3.15196e-16 5.28689e-15 2.17491e-12 2.0109e-12 2.44065e-13 6.84872e-11 5.56886e-09 7.14462e-14 1.56774e-11 1.66796e-14 1.77283e-11
2000 6.77751e-11 4.88888e-11 1.1773e-11 2.99841e-11 4.05796e-14 9.18885e-13 3.18229e-13 1.86517e-13 7.02092e-18 1.01902e-13 3.07263e-16 4.5759e-12 8.64815e-12 5.51491e-14 1.38913e-09 2.78458e-12 1.20435e-11 2.78783e-06 6.64556e-11 2.7679e-16 7.19838e-11 1.38837e-09 1.12534e-09 2.02182e-14 2.02244e-14 6.74838e-13 1.50228e-15 6.49853e-19 7.36173e-17 6.61191e-17 5.70044e-15 7.14819e-13 6.58848e-13 5.19482e-13 1.07073e-11 4.66341e-12 1.59955e-14 4.20004e-15 2.71448e-14 1.1072e-14
2100 2.52386e-09 2.43657e-09 2.47516e-09 7.6985e-12 2.24107e-14 1.87389e-12 2.0309e-11 3.37508e-13 2.58774e-17 2.03287e-11 5.20092e-16 0 1.0216e-13 5.10387e-14 6.50484e-11 4.4392e-12 1.1648e-11 2.8737e-12 2.29067e-09 3.9937e-14 4.54241e-09 6.50923e-11 2.13629e-09 2.26286e-14 2.2625e-14 4.15466e-13 1.32317e-15 1.00938e-18 4.60786e-16 4.43393e-16 5.22873e-15 4.41297e-13 4.04593e-13 1.63953e-13 9.07441e-12 2.90706e-12 1.88266e-14 4.10004e-12 2.30886e-14 4.6367e-12
2200 7.00967e-14 1.55595e-13 9.6867e-15 1.16319e-11 1.40254e-14 2.85307e-13 4.33466e-14 3.17968e-13 5.68202e-17 1.66434e-14 3.3697e-16 2.77112e-13 1.75511e-12 4.0084e-14 0 8.08837e-13 8.09829e-12 3.53984e-12 5.488e-12 1.83015e-15 5.61107e-12 0 0 2.02893e-14 2.02776e-14 1.46919e-13 8.0809e-17 2.90789e-20 1.60462e-17 1.45859e-17 5.00631e-16 1.55539e-13 1.43183e-13 6.58255e-13 8.91942e-12 3.38645e-11 2.21073e-13 2.7015e-13 1.16094e-14 3.07969e-13
2300 1.99663e-10 1.40607e-10 1.30951e-11 4.91216e-12 2.26952e-14 3.90223e-13 1.85348e-13 2.54019e-13 2.63051e-16 4.82138e-14 5.1337e-16 1.26477e-11 6.46314e-14 2.32691e-14 1.44512e-09 8.67147e-12 1.43007e-11 1.55096e-07 1.81882e-10 6.53884e-16 1.40441e-10 1.44515e-09 1.19677e-09 1.47373e-14 1.47332e-14 6.71697e-16 2.97578e-15 1.36553e-18 4.81386e-17 4.77531e-17 1.1775e-14 5.78579e-15 1.0532e-15 3.71835e-13 7.29272e-12 2.13452e-12 3.30067e-13 7.80087e-14 2.29063e-14 8.78381e-14
2400 1.37691e-11 3.93491e-12 1.80448e-08 6.16725e-11 1.90658e-14 3.54877e-13 1.89253e-10 4.61853e-14 1.53337e-16 1.94541e-10 2.52619e-16 1.90425e-12 1.89221e-11 1.67149e-13 7.8459e-11 4.56133e-13 1.97587e-11 5.15465e-08 1.39599e-11 1.15644e-15 1.74324e-08 7.84278e-11 1.5293e-08 4.2734e-14 4.27354e-14 1.97637e-14 8.33332e-17 3.63747e-20 2.1684e-18 1.95914e-18 4.5846e-16 2.10779e-14 1.92637e-14 5.76739e-13 2.04072e-11 7.74022e-12 9.70022e-14 1.58187e-11 1.26259e-14 1.78747e-11
2500 7.37924e-10 2.98573e-10 2.07169e-08 5.1069e-11 2.23182e-14 1.06527e-12 1.00469e-13 6.21725e-14 1.20164e-16 6.27627e-14 5.6346e-16 0 1.52832e-11 6.71087e-14 4.45187e-09 1.27436e-12 1.28588e-11 1.98362e-06 6.39985e-10 1.74529e-14 2.02665e-08 4.45209e-09 2.13301e-08 2.8518e-14 2.85624e-14 4.45821e-16 1.08564e-16 4.94448e-20 0 4.34241e-20 8.23042e-16 7.20181e-16 3.99129e-16 1.8999e-12 2.13002e-11 2.65781e-09 1.75427e-13 1.58943e-11 1.50449e-14 1.79833e-11
2600 1.26346e-09 1.21959e-09 2.3154e-12 1.17165e-11 8.02673e-15 2.6563e-13 1.27957e-13 2.84217e-14 1.68068e-16 8.737e-14 1.21322e-16 1.10134e-13 3.79121e-12 4.79143e-14 4.88498e-14 1.17321e-12 3.42389e-12 3.66994e-07 1.1482e-09 4.91271e-15 1.08146e-09 6.60583e-15 1.75782e-12 1.88634e-14 1.8881e-14 1.00323e-15 1.82412e-16 2.36374e-19 1.28283e-15 1.25038e-15 8.79504e-16 4.72441e-16 1.00779e-16 1.55715e-12 3.49565e-12 1.21163e-09 1.57116e-14 3.07947e-12 5.60069e-15 3.4901e-12
2700 2.24373e-09 2.1483e-09 4.19212e-12 5.13747e-12 5.54941e-15 9.48063e-13 1.06642e-10 0 2.34914e-17 1.09621e-10 8.94142e-16 8.66862e-13 4.61806e-13 3.77855e-14 7.54952e-14 3.4372e-13 1.73869e-12 7.37632e-13 2.03521e-09 3.00533e-14 1.90155e-09 6.68354e-14 1.58953e-11 1.642e-14 1.63907e-14 1.49874e-16 5.5888e-17 3.79165e-19 1.30104e-18 1.44376e-20 8.09773e-16 3.8332e-16 8.5854e-17 2.24533e-13 6.44407e-12 1.79865e-09 7.81799e-15 1.67541e-12 7.50824e-15 1.89391e-12
2800 5.02819e-10 4.86208e-10 9.13582e-13 1.70935e-11 1.44512e-14 7.27198e-13 8.35924e-11 0 1.89769e-16 8.58336e-11 2.35163e-16 5.68434e-14 5.04692e-12 1.09223e-13 1.86517e-14 4.29451e-12 1.0371e-11 8.33713e-07 4.60951e-10 5.0833e-14 4.35072e-10 0 3.30846e-13 1.53558e-14 1.53595e-14 3.63201e-16 4.53052e-18 2.44413e-19 4.32488e-16 4.22121e-16 2.8273e-16 1.61926e-16 3.29163e-17 6.88265e-13 5.13301e-12 8.6078e-11 1.58776e-13 3.7274e-14 1.41609e-14 4.28358e-14
2900 1.67661e-10 4.5394e-11 1.7739e-08 2.9493e-11 9.00382e-15 9.11645e-13 6.55497e-11 0 3.04248e-16 6.71029e-11 3.40765e-16 6.75016e-13 6.23366e-12 2.68269e-13 7.71436e-11 1.3354e-11 3.62274e-11 2.66758e-07 1.49316e-10 6.91045e-15 1.7186e-08 7.71066e-11 1.51179e-08 3.72792e-14 3.72997e-14 3.47901e-14 3.97193e-16 3.86709e-19 7.03756e-16 6.87915e-16 1.89548e-15 3.72198e-14 3.34658e-14 4.43188e-13 2.10884e-11 7.6858e-12 4.97435e-15 1.34127e-15 8.11273e-15 2.5662e-15
3000 5.77871e-10 5.55535e-10 5.48019e-09 1.35963e-11 3.11587e-14 1.98833e-12 4.22636e-11 0 1.96044e-16 4.32231e-11 3.50739e-16 0 2.49744e-12 2.87741e-14 2.39293e-11 1.33716e-12 4.15936e-12 2.75732e-07 5.22794e-10 2.60534e-15 5.78365e-09 2.39125e-11 4.64225e-09 1.37754e-14 1.37291e-14 2.67282e-15 1.43707e-16 5.45279e-19 3.52658e-15 3.45813e-15 9.13048e-16 5.569e-16 1.43205e-16 4.26691e-13 4.81992e-12 1.45426e-09 3.08049e-16 1.70423e-16 3.26596e-14 1.37799e-15
3100 3.72091e-10 1.64494e-12 3.97876e-09 1.52777e-10 5.32579e-14 2.58649e-12 6.74426e-12 0 5.55569e-17 6.13186e-12 6.15393e-16 0 5.50164e-11 1.78887e-13 5.19845e-09 1.6626e-13 1.94534e-11 2.0953e-06 3.27989e-10 2.76165e-14 3.86286e-09 5.19945e-09 7.72858e-09 4.76312e-14 4.76034e-14 3.32136e-13 2.55673e-16 2.02949e-19 3.56703e-17 3.26983e-17 1.3049e-15 3.51593e-13 3.23976e-13 2.12831e-13 7.64178e-11 2.58402e-09 1.28887e-13 3.14896e-14 2.2511e-14 4.129e-14
3200 8.29515e-10 7.49733e-10 2.56456e-11 8.59002e-11 4.81778e-14 1.35209e-12 1.12699e-11 0 3.21736e-17 1.16639e-11 3.78495e-16 1.15463e-12 3.13585e-11 5.21685e-14 2.75623e-09 2.26768e-13 6.49268e-12 8.71844e-07 7.53567e-10 6.86284e-14 6.92248e-10 2.75553e-09 2.24694e-09 2.34326e-14 2.34167e-14 3.31274e-13 3.38353e-16 1.50046e-19 9.30245e-17 9.34617e-17 1.45743e-15 3.50645e-13 3.23192e-13 4.42845e-13 7.362e-12 3.02469e-12 2.10498e-16 7.30434e-16 2.47307e-14 9.20439e-15
3300 9.85422e-10 9.28247e-10 2.81482e-11 1.05463e-10 3.71827e-14 5.13033e-13 2.56211e-14 0 1.22101e-16 5.23522e-14 3.25152e-16 3.33955e-13 3.54807e-11 4.57297e-13 3.08728e-09 4.83328e-13 2.97953e-11 6.98773e-07 9.15526e-10 3.83088e-15 8.69567e-10 3.08755e-09 2.49982e-09 5.60741e-14 5.6088e-14 6.3063e-16 6.55924e-18 9.47145e-20 7.68482e-16 7.53858e-16 2.87238e-16 1.30755e-16 4.85536e-17 9.51262e-14 3.20644e-10 4.54749e-09 2.36279e-14 5.97144e-13 1.42977e-14 6.81678e-13
3400 4.67029e-13 3.14401e-14 9.24144e-11 1.09859e-11 5.77e-15 6.95713e-14 2.17286e-11 2.66454e-14 9.02304e-17 2.23012e-11 6.43582e-16 2.94875e-13 4.1788e-12 1.0851e-14 3.74618e-09 4.31088e-12 5.39749e-12 1.2507e-07 1.09007e-12 1.52655e-15 9.07128e-11 3.7449e-09 3.05557e-09 9.1923e-15 9.20682e-15 1.89481e-16 3.33138e-16 1.54282e-19 1.0842e-19 1.70813e-20 1.78255e-15 8.48009e-16 1.73532e-16 2.45785e-13 7.87148e-12 3.6975e-13 1.06182e-14 2.22426e-12 2.96247e-15 2.51677e-12
