species_id wild_type mean var CV ER
ADPf 0.187128 0.19092447919999708 2.922351166778636e-06 0.008953742212312661 8.345547824362142e-09
AMPf 0.0722413 0.0727731352299996 7.233933717668006e-08 0.0036958656606598354 1.3861282659233253e-09
ATPf 0.183657 0.1894918296000014 6.861302440451522e-06 0.013823333710525637 2.03419035714969e-08
DHAP 0.149233 0.14967683550000166 3.571024155546443e-08 0.001262530275522747 1.6034782053253593e-10
E4P 0.00627176 0.006266105441000008 1.1593377252400606e-11 0.0005433845493998353 2.9473460250173386e-11
Fru16P2 0.0096835 0.009688704227000104 1.8716362167785563e-10 0.0014120335705993955 1.9959824753001954e-10
Fru6P 0.0153444 0.015318758369999887 4.732004657093201e-10 0.00142003489244209 2.0097652606576588e-10
GSH 3.11403 3.1138905950001976 6.560814114209279e-09 2.6012106102499346e-05 6.766172067074194e-14
GSSG 0.000186743 0.00025455537490000346 1.6256776961062448e-09 0.15839262347843205 4.661715705318436e-06
Glc6P 0.0394896 0.03942431481000035 1.6870327934105644e-09 0.0010418317974494153 1.0818275750779094e-10
GlcA6P 0.0250543 0.022743295330000024 1.012387471824804e-06 0.044240496287896995 1.612806315731463e-07
Glcin 4.5668 4.6205248190000585 0.0011005159362689199 0.007179709302117044 5.276820866040311e-09
Glcout 5.0 5.0 0.0 0.0 0.0
GraP 0.00606287 0.006082896396000072 9.350400877563333e-11 0.0015896616447218755 2.543745866390168e-10
Gri13P2 0.000480655 0.00048363894239999945 1.6807701667251344e-12 0.002680605489438746 7.275140812224023e-10
Gri23P2f 2.06123 2.2332045010000003 0.0060970334528338554 0.03496477955440558 1.4350454908782505e-07
Gri2P 0.00844208 0.008439892902000042 2.3451972395310827e-10 0.001814482364324906 3.2906405775801064e-10
Gri3P 0.0657639 0.06557013694999968 1.3415805101384126e-08 0.001766453784261046 3.1019987394298455e-10
Lac 1.68031 1.6802254169999293 3.3839028912296953e-08 0.0001094816655383927 1.198511434541416e-12
Lacex 1.68 1.6800000000002027 -5.471179065352771e-13 nan 0.0
MgADP 0.136822 0.13436650340000406 1.1150429399010842e-06 0.007858773651274608 5.9563433399412165e-09
MgAMP 0.00243877 0.0023630961649999983 1.1223438298265389e-08 0.0448313241283432 1.8870535967675516e-07
MgATP 1.41771 1.4100808330000394 1.197532829122494e-05 0.002454142094184197 5.958166385711117e-10
MgGri23P2 0.687233 0.7172889440000002 0.00017818334909547318 0.018609702136229176 3.772759371074574e-08
Mgf 0.555793 0.5359005371999995 7.674096028120747e-05 0.01634667477764373 2.484283094227324e-08
NAD 0.0653436 0.0653437936400043 6.990068246448544e-15 1.2794884310834675e-06 1.7041923427996152e-16
NADH 0.000156372 0.00015620469809999888 5.23005445447059e-15 0.00046297657045587046 2.138888296476793e-11
NADPHf 0.00488917 0.0048894427530000025 7.520356950022067e-14 5.6086696604545163e-05 3.1460933858085125e-13
NADPf 2.34376e-05 2.3457659969999937e-05 1.1607432183554625e-14 0.004592861939410733 2.1130505165389834e-09
P1NADP 5.73941e-06 6.050322805000006e-06 3.6754157662268397e-13 0.10020160792060384 1.11576304678056e-06
P1NADPH 0.0239453 0.023944409740000835 1.3677386046656581e-12 4.884244734323927e-05 2.3855085684587606e-13
P1f 4.89762e-05 4.954532301000036e-05 3.6112841998830694e-13 0.012129088635466712 1.5055372192041005e-08
P2NADP 0.00202414 0.002026535070000002 8.470628019639065e-11 0.004541545624305182 2.067447621678653e-09
P2NADPH 0.0211122 0.02111010981000025 7.752842139975569e-11 0.0004170997966919048 1.739378299170369e-11
P2f 0.000863632 0.0008633549526000114 1.7628901971498685e-13 0.00048632125009731347 2.3635665047372356e-11
PEP 0.0109396 0.010916347359999965 3.96782543534693e-10 0.0018247313434829574 3.3155049331545784e-10
PRPP 1.0 1.0 0.0 0.0 0.0
Phi 0.999225 0.9994223496000152 1.411630923264795e-09 3.759339298052006e-05 1.4138259452067814e-13
Phiex 1.0 1.0 0.0 0.0 0.0
Pyr 0.08399 0.08398902946999894 1.6094764410112816e-13 4.7766096223456476e-06 2.2778334773931874e-15
Pyrex 0.084 0.08399999999998085 2.8744367996935694e-15 6.382592184126526e-07 0.0
Rib5P 0.0140053 0.014004188530000104 2.8146766330432865e-12 0.00011979985849341446 1.434973051495092e-12
Rul5P 0.00472192 0.0047245042679999625 1.230027232547665e-12 0.00023474757668557307 5.516675249950254e-12
Sed7P 0.0154123 0.015323591079999787 2.4445534128577414e-09 0.0032265560320840305 1.0291166852249845e-09
Xul5P 0.0127437 0.012750753140000076 7.8259559477354e-12 0.00021939809975891257 4.818887600066546e-12
v_1 1.51429 1.4919958550000347 9.379024641198441e-05 0.0064909942114360925 4.090153140989816e-09
v_10 0.494049 0.462274158900009 0.00018413018563975814 0.02935370183005435 7.543709257258336e-08
v_11 2.95331 2.9087086939999587 0.00037517219016258707 0.0066590931541635244 4.301427094466348e-09
v_12 2.95331 2.9087086939999587 0.00037517219016258707 0.0066590931541635244 4.301427094466348e-09
v_13 2.95331 2.9087086939999587 0.00037517219016258707 0.0066590931541635244 4.301427094466348e-09
v_14 2.95331 2.9087086939999587 0.00037517219016258707 0.0066590931541635244 4.301427094466348e-09
v_15 0.0999495 0.09995387431000005 2.909293118913414e-11 5.3962754192424844e-05 2.912229346563322e-13
v_16 2.38176 2.3689360520000404 3.379948404180766e-05 0.002454153358284273 5.958186317545078e-10
v_17 0.0258329 0.025832843580000035 1.5777470475930588e-12 4.862352876724161e-05 2.3642476865148866e-13
v_18 0.0966851 0.09668530064999992 5.265541475063529e-12 2.3733460554644455e-05 5.6329807485155927e-14
v_19 0.0966851 0.09668530064999992 5.265541475063529e-12 2.3733460554644455e-05 5.6329807485155927e-14
v_2 1.51429 1.4919958550000347 9.379024641198441e-05 0.0064909942114360925 4.090153140989816e-09
v_20 0.0934208 0.0934167261399981 5.8479211056949865e-12 2.5886665351263152e-05 6.701621479976439e-14
v_21 0.0934208 0.0934167261399981 5.8479211056949865e-12 2.5886665351263152e-05 6.701621479976439e-14
v_22 0.0472348 0.04723497273999896 1.9242229337690375e-12 2.9367300298638615e-05 8.623701752696889e-14
v_23 0.0494503 0.049450329740000014 1.847370346974575e-12 2.7485762674990476e-05 7.554932235365186e-14
v_24 0.0236174 0.023617485429999807 4.795691838435645e-13 2.932189121084808e-05 8.597433875934258e-14
v_25 0.0236174 0.023617485429999807 4.795691838435645e-13 2.932189121084808e-05 8.597433875934258e-14
v_26 0.0258329 0.025832843580000035 1.5777470475930588e-12 4.862352876724161e-05 2.3642476865148866e-13
v_27 0.0236174 0.023617485429999807 4.795691838435645e-13 2.932189121084808e-05 8.597433875934258e-14
v_28 0.0774987 0.07749852901999982 1.4203723266992263e-11 4.863037760582751e-05 2.3648708546986085e-13
v_29 -3.05326 -3.008662461999963 0.0003750766838273023 0.0 0.0
v_3 1.41761 1.3953106489999845 9.380141204862191e-05 0.006941187552284392 4.667623726040126e-09
v_30 0.0999495 0.09995387431000005 2.909293118913414e-11 5.3962754192424844e-05 2.912229346563322e-13
v_31 -4.44089e-13 2.7061449800000172e-14 5.885108124332699e-25 28.34824406882648 0.0
v_32 -0.0258329 -0.025832843580000035 1.5777470475930588e-12 0.0 0.0
v_33 0.0258329 0.025832843580000035 1.5777470475930588e-12 4.862352876724161e-05 2.3642476865148866e-13
v_34 -3.33067e-13 5.791138400000027e-15 3.6331513936479965e-26 32.91378315631047 0.0
v_35 8.47033e-19 6.422613299999931e-21 8.926099968038792e-37 147.10217662847973 0.00012441166013289306
v_36 0.0 -1.0975910699999991e-16 1.1763610606432341e-29 0.0 0.0
v_37 -4.33681e-16 -2.4428755800000037e-17 6.490014999147265e-31 0.0 0.0
v_38 0.0 -3.146134720000006e-16 9.416722156357536e-29 0.0 0.0
v_4 1.46484 1.4425456549999762 9.379586473023949e-05 0.006713705376901898 4.3712264968909235e-09
v_5 1.46484 1.4425456549999762 9.379586473023949e-05 0.006713705376901898 4.3712264968909235e-09
v_6 1.46484 1.4425456549999762 9.379586473023949e-05 0.006713705376901898 4.3712264968909235e-09
v_7 2.95331 2.9087086939999587 0.00037517219016258707 0.0066590931541635244 4.301427094466348e-09
v_8 2.45926 2.4464344699999927 3.379693568739128e-05 0.002376320832591125 5.588154814439861e-10
v_9 0.494049 0.462274158900009 0.00018413018563975814 0.02935370183005435 7.543709257258336e-08
