species_id wild_type mean var CV ER
ADPf 0.187128 0.18715038639999867 1.4975841747255636e-09 0.00020677826783391324 4.2767483998673585e-12
AMPf 0.0722413 0.07228699605999973 1.234236308642056e-09 0.00048600303510957046 2.3649784797186157e-11
ATPf 0.183657 0.1835387593000022 3.4833599893424605e-09 0.0003215669363034092 1.0327222643713441e-11
DHAP 0.149233 0.1493394950999942 4.596504198095541e-09 0.00045398254155173224 2.063943520536071e-11
E4P 0.00627176 0.006267406400000031 3.7883979590522254e-11 0.0009820643370390745 9.631118496056245e-11
Fru16P2 0.0096835 0.009694853610000139 2.0949051339675707e-10 0.001492935086530797 2.2340848353508136e-10
Fru6P 0.0153444 0.015343035080000062 1.358060170396358e-11 0.00024018629784899843 5.767921873456317e-12
GSH 3.11403 3.114022865999732 3.81889542211411e-09 1.9844816415727715e-05 3.938219750310168e-14
GSSG 0.000186743 0.00018871645070000142 9.406033067297322e-10 0.16251501440116864 2.697229111250654e-06
Glc6P 0.0394896 0.03950455633999929 9.388781050355399e-11 0.00024527733389967035 6.020652199012488e-12
GlcA6P 0.0250543 0.025243078529999987 2.131318649840723e-06 0.057833819369182686 3.3953444456307214e-07
Glcin 4.5668 4.597300147000009 0.001724196373523057 0.0090321367615635 8.267281821860983e-09
Glcout 5.0 5.0 0.0 0.0 0.0
GraP 0.00606287 0.006064996591000028 5.546641549108045e-12 0.0003883152880915098 1.508945395300998e-11
Gri13P2 0.000480655 0.0004806453687000003 3.415971705291575e-14 0.0003845318969443296 1.4785888513557664e-11
Gri23P2f 2.06123 2.060366408000032 1.663111192762301e-06 0.0006259161862780595 3.9144288199732815e-11
Gri2P 0.00844208 0.008428568162999918 4.686667365229758e-10 0.002568492263800254 6.576051453155429e-10
Gri3P 0.0657639 0.06568242222999998 1.528624441523435e-08 0.0018823537319684579 3.5344812034932003e-10
Lac 1.68031 1.68028195600014 9.301492909230547e-11 5.739765717813461e-06 3.3304914381915296e-15
Lacex 1.68 1.6800000000002027 -5.471179065352771e-13 nan 0.0
MgADP 0.136822 0.13687577939999873 2.1127460475556248e-09 0.00033581264373594145 1.1285877610234252e-11
MgAMP 0.00243877 0.0024572711029999957 1.6453075141272287e-09 0.016507088021418835 2.766338959048209e-08
MgATP 1.41771 1.4176908269999902 4.300601652573732e-09 4.6257598195227925e-05 2.1397617011587045e-13
MgGri23P2 0.687233 0.6870765336000128 4.936848790881854e-08 0.00032338494437513784 1.0453023868706169e-11
Mgf 0.555793 0.555899605399999 2.9297723469490222e-08 0.00030790771584966086 9.484358920452961e-12
NAD 0.0653436 0.06534366435001265 2.8423444153879984e-15 8.158961156537621e-07 7.7982065249671e-17
NADH 0.000156372 0.00015634289859999968 3.5130821619426073e-15 0.00037911065796269815 1.4367124712144629e-11
NADPHf 0.00488917 0.004891807375999953 1.718796532510468e-11 0.0008475062056253056 7.190418855884673e-11
NADPf 2.34376e-05 2.232011975000002e-05 5.783772612061629e-13 0.034072898920836654 1.05289468724723e-07
P1NADP 5.73941e-06 4.470747542000031e-06 2.4683213130356387e-13 0.11112728400663938 7.49319773283219e-07
P1NADPH 0.0239453 0.02394547917000134 1.9216615061365405e-12 5.789151475931866e-05 3.3515650255111493e-13
P1f 4.89762e-05 5.004871239999926e-05 2.491560045133021e-12 0.031538626069046304 1.0387264399049911e-07
P2NADP 0.00202414 0.0019120702170000105 6.873489125314883e-09 0.04335955217752948 1.6776298904683796e-07
P2NADPH 0.0211122 0.0212238492499998 6.459871945306214e-09 0.0037869345764075086 1.4492954401257307e-09
P2f 0.000863632 0.0008640788956000027 7.105038055223334e-12 0.0030848198457783583 9.525964469681015e-10
PEP 0.0109396 0.01091667726000002 1.1301423263068927e-09 0.00307947086249452 9.443440662004753e-10
PRPP 1.0 1.0 0.0 0.0 0.0
Phi 0.999225 0.999024095600086 1.4992483921005828e-08 0.00012256340920074356 1.5015862997458384e-12
Phiex 1.0 1.0 0.0 0.0 0.0
Pyr 0.08399 0.08399081697000023 1.3156972039629622e-11 4.318631719682218e-05 1.8650563315958379e-13
Pyrex 0.084 0.08399999999998085 2.8744367996935694e-15 6.382592184126526e-07 0.0
Rib5P 0.0140053 0.01400634655999994 4.601299538869313e-13 4.84301021624637e-05 2.3457717990282847e-13
Rul5P 0.00472192 0.004720655790999928 2.5733243796477803e-13 0.00010745952894393485 1.15413453238844e-12
Sed7P 0.0154123 0.015394059779999933 4.38459280655782e-10 0.0013602272305081016 1.8458413362232308e-10
Xul5P 0.0127437 0.012740732340000232 2.1593014648459835e-12 0.00011533529947525118 1.3296045819899405e-12
v_1 1.51429 1.5142796959999636 3.1040210402011326e-09 3.679223995434104e-05 1.353608891641045e-13
v_10 0.494049 0.4940465043999964 2.4881460780612485e-10 3.1927881742460615e-05 1.0193066390939975e-13
v_11 2.95331 2.9532655240000927 1.1472526040279263e-08 3.626828589578309e-05 1.3153449440750364e-13
v_12 2.95331 2.9532655240000927 1.1472526040279263e-08 3.626828589578309e-05 1.3153449440750364e-13
v_13 2.95331 2.9532655240000927 1.1472526040279263e-08 3.626828589578309e-05 1.3153449440750364e-13
v_14 2.95331 2.9532655240000927 1.1472526040279263e-08 3.626828589578309e-05 1.3153449440750364e-13
v_15 0.0999495 0.10000831098999516 8.369469856744916e-09 0.0009147720403767823 8.377928166769521e-11
v_16 2.38176 2.381720617000034 1.2210552569058564e-08 4.6395605048532766e-05 2.152519940068487e-13
v_17 0.0258329 0.025832875799999926 7.050513601766784e-13 3.250406078174458e-05 1.0565296415521175e-13
v_18 0.0966851 0.09671644918999941 2.270066674567306e-09 0.0004926278528718742 2.4283959532134248e-11
v_19 0.0966851 0.09671644918999941 2.270066674567306e-09 0.0004926278528718742 2.4283959532134248e-11
v_2 1.51429 1.5142796959999636 3.1040210402011326e-09 3.679223995434104e-05 1.353608891641045e-13
v_20 0.0934208 0.0934245813399956 2.310818550399496e-11 5.145431042352102e-05 2.6475150960436624e-13
v_21 0.0934208 0.0934245813399956 2.310818550399496e-11 5.145431042352102e-05 2.6475150960436624e-13
v_22 0.0472348 0.04725571520999995 1.0048844282725677e-09 0.0006708164711267325 4.5039334573004907e-11
v_23 0.0494503 0.04946073473 2.547812642285374e-10 0.0003227179935312878 1.0419086238222519e-11
v_24 0.0236174 0.02362785669 2.5114467927175865e-10 0.0006707144496945186 4.5025633887973985e-11
v_25 0.0236174 0.02362785669 2.5114467927175865e-10 0.0006707144496945186 4.5025633887973985e-11
v_26 0.0258329 0.025832875799999926 7.050513601766784e-13 3.250406078174458e-05 1.0565296415521175e-13
v_27 0.0236174 0.02362785669 2.5114467927175865e-10 0.0006707144496945186 4.5025633887973985e-11
v_28 0.0774987 0.07749863079999943 6.351866081721891e-12 3.252045676713418e-05 1.0574934261597946e-13
v_29 -3.05326 -3.0532740760000894 2.3400486881541838e-08 0.0 0.0
v_3 1.41761 1.417563282000026 3.635567402682227e-09 4.253472652601741e-05 1.809134952956981e-13
v_30 0.0999495 0.10000831098999516 8.369469856744916e-09 0.0009147720403767823 8.377928166769521e-11
v_31 -4.44089e-13 -6.079492699999992e-15 4.280357185719799e-25 0.0 0.0
v_32 -0.0258329 -0.025832875799999926 7.050513601766784e-13 0.0 0.0
v_33 0.0258329 0.025832875799999926 7.050513601766784e-13 3.250406078174458e-05 1.0565296415521175e-13
v_34 -3.33067e-13 2.247868799999935e-16 1.9391491683372425e-26 619.490498491611 0.0
v_35 8.47033e-19 -1.6781497400000063e-20 3.4197243018157636e-37 0.0 4.766399425383058e-05
v_36 0.0 1.9354139999999904e-17 7.389348585338099e-30 140.4524111014352 0.0
v_37 -4.33681e-16 7.062331599999978e-18 3.343102585380648e-31 81.87036873932574 0.0
v_38 0.0 9.735758999999684e-18 6.041649515080843e-29 798.3768748290033 0.0
v_4 1.46484 1.4648189500000217 2.767781115409207e-09 3.591550035915911e-05 1.2898991874621402e-13
v_5 1.46484 1.4648189500000217 2.767781115409207e-09 3.591550035915911e-05 1.2898991874621402e-13
v_6 1.46484 1.4648189500000217 2.767781115409207e-09 3.591550035915911e-05 1.2898991874621402e-13
v_7 2.95331 2.9532655240000927 1.1472526040279263e-08 3.626828589578309e-05 1.3153449440750364e-13
v_8 2.45926 2.4592192070000745 1.2150197292726261e-08 4.4822329398628056e-05 2.0090303864961355e-13
v_9 0.494049 0.4940465043999964 2.4881460780612485e-10 3.1927881742460615e-05 1.0193066390939975e-13
