species_id wild_type mean var CV ER
ADPf 0.187128 0.18706348509999537 4.619062424215947e-09 0.0003633188196095826 1.3190960768127979e-11
AMPf 0.0722413 0.07236197244999931 2.758212430155338e-09 0.0007257774312567787 5.285140549649015e-11
ATPf 0.183657 0.1832710197999982 3.143557412987885e-08 0.0009674240993495308 9.319795664097796e-11
DHAP 0.149233 0.14900265739999935 2.5581870680829732e-08 0.0010734260625593413 1.1486892362855272e-10
E4P 0.00627176 0.00626705403700001 1.8206455623442832e-11 0.0006808465859724687 4.628566974140824e-11
Fru16P2 0.0096835 0.009687754582000068 3.1946314116206714e-10 0.0018449612558863308 3.4068738044013004e-10
Fru6P 0.0153444 0.01533879114000004 1.0340448535948142e-10 0.0006629466109726808 4.3917696768147605e-11
GSH 3.11403 3.1139790399999074 8.245386595717719e-10 9.221250636170278e-06 8.504075221793527e-15
GSSG 0.000186743 0.0002105249511000017 2.1067747177746684e-10 0.06894542829953106 6.041286543455148e-07
Glc6P 0.0394896 0.03951184902000051 4.110489715530158e-10 0.000513120575064958 2.6358954063887553e-11
GlcA6P 0.0250543 0.03153728753999978 2.6904145569874418e-05 0.16446945915701516 4.2860245807167186e-06
Glcin 4.5668 4.528290424000056 0.004497926868921809 0.01481057508650807 2.1566933802574794e-08
Glcout 5.0 5.0 0.0 0.0 0.0
GraP 0.00606287 0.006058304242000022 1.2684011786311296e-11 0.000587864505818795 3.450643831781619e-11
Gri13P2 0.000480655 0.0004793043358000096 7.791994749026708e-13 0.0018416748947717276 3.372731209982938e-10
Gri23P2f 2.06123 2.0494965020000078 3.738029640398821e-05 0.0029831438019719855 8.798118971364843e-10
Gri2P 0.00844208 0.008440217208000087 3.428742706423904e-11 0.0006937672986217206 4.811006862892597e-11
Gri3P 0.0657639 0.06576875870999901 6.556305793409267e-09 0.0012311471254658711 1.5159471742354213e-10
Lac 1.68031 1.6807716699999895 2.4285050947980835e-07 0.0002931978559815588 8.601221401782765e-12
Lacex 1.68 1.6800000000002027 -5.471179065352771e-13 nan 0.0
MgADP 0.136822 0.1371196516999957 1.5966394747990442e-08 0.0009215178028435266 8.528937185392493e-11
MgAMP 0.00243877 0.002239293468000033 2.443717905267572e-09 0.02207570196514746 4.108746839006638e-08
MgATP 1.41771 1.417944497999986 1.5134820952056316e-08 8.676197150497856e-05 7.530096768348926e-13
MgGri23P2 0.687233 0.6855134125999802 7.302403686737513e-07 0.0012465708363603733 1.5461720441756198e-10
Mgf 0.555793 0.5571830595999921 4.3726296045099033e-07 0.0011867888067290163 1.4155217522571206e-10
NAD 0.0653436 0.06534345807000273 6.3031177499617286e-15 1.2149980920249192e-06 1.57729385108496e-16
NADH 0.000156372 0.00015653226129999593 8.665483097498426e-15 0.0005946925946692398 3.543846853748534e-11
NADPHf 0.00488917 0.00488925736699994 6.340354334762564e-14 5.1500787022806434e-05 2.652450037388121e-13
NADPf 2.34376e-05 2.324678613000024e-05 3.366553901408832e-14 0.007892777607948648 6.128572053121229e-09
P1NADP 5.73941e-06 6.519154988000025e-06 5.051815772312048e-13 0.10902659428989842 1.533603193872124e-06
P1NADPH 0.0239453 0.02394467226000124 5.709775100642966e-13 3.155735563491004e-05 9.958162072720711e-14
P1f 4.89762e-05 4.8810178669999926e-05 6.12931236385708e-14 0.005072189607541706 2.555298167461473e-09
P2NADP 0.00202414 0.0020221950009999953 5.418474900247661e-11 0.003640118321233932 1.3225008795636483e-09
P2NADPH 0.0211122 0.02111411006000012 5.0481110069021395e-11 0.00033650511275954315 1.1325621329660862e-11
P2f 0.000863632 0.0008636939788000042 6.59477354478328e-14 0.00029733090421422503 8.841837439987899e-12
PEP 0.0109396 0.01091049197999981 9.392825990871831e-10 0.002809013355008885 7.848621799588784e-10
PRPP 1.0 1.0 0.0 0.0 0.0
Phi 0.999225 0.9990995887000086 7.1156527337024045e-09 8.443035052398965e-05 7.126559897763229e-13
Phiex 1.0 1.0 0.0 0.0 0.0
Pyr 0.08399 0.08398968621000588 2.1575970177156734e-13 5.530433923883433e-06 3.096611855823994e-15
Pyrex 0.084 0.08399999999998085 2.8744367996935694e-15 6.382592184126526e-07 0.0
Rib5P 0.0140053 0.014004712950000536 5.891827824233697e-13 5.4808865405551305e-05 3.0038609377669446e-13
Rul5P 0.00472192 0.004719589941000062 2.88367201347001e-12 0.000359806218080408 1.2933282367288967e-11
Sed7P 0.0154123 0.015393676479999865 1.7969337601014476e-10 0.0008708105442119407 7.564795122538825e-11
Xul5P 0.0127437 0.01273824208000015 1.6243931113407717e-11 0.00031639970616069055 1.0002305528278299e-11
v_1 1.51429 1.5142885229999903 3.6589260510311306e-09 3.994552977495754e-05 1.5957103416397444e-13
v_10 0.494049 0.4936482514000053 3.5073346560388075e-08 0.00037937700203320186 1.4369353151799657e-11
v_11 2.95331 2.9532939599999763 1.4565737060934225e-08 4.0865757706498465e-05 1.6699838178979575e-13
v_12 2.95331 2.9532939599999763 1.4565737060934225e-08 4.0865757706498465e-05 1.6699838178979575e-13
v_13 2.95331 2.9532939599999763 1.4565737060934225e-08 4.0865757706498465e-05 1.6699838178979575e-13
v_14 2.95331 2.9532939599999763 1.4565737060934225e-08 4.0865757706498465e-05 1.6699838178979575e-13
v_15 0.0999495 0.09995077607999955 2.5777024612039234e-11 5.079608280720729e-05 2.580269775620536e-13
v_16 2.38176 2.382146697000019 4.284843235780045e-08 8.689583607076793e-05 7.553374592461637e-13
v_17 0.0258329 0.02583290875000016 1.3179634250279348e-12 4.4440441949420394e-05 1.9749564206250624e-13
v_18 0.0966851 0.0966850720499999 6.749491590629653e-12 2.6870522108504924e-05 7.220506414995498e-14
v_19 0.0966851 0.0966850720499999 6.749491590629653e-12 2.6870522108504924e-05 7.220506414995498e-14
v_2 1.51429 1.5142885229999903 3.6589260510311306e-09 3.994552977495754e-05 1.5957103416397444e-13
v_20 0.0934208 0.09341936873000123 7.541536839461571e-13 9.295933326661286e-06 8.644218674191962e-15
v_21 0.0934208 0.09341936873000123 7.541536839461571e-13 9.295933326661286e-06 8.644218674191962e-15
v_22 0.0472348 0.0472347758800003 2.4626589829879197e-12 3.322310964296171e-05 1.1037984970485582e-13
v_23 0.0494503 0.0494502977200002 1.901515403468501e-12 2.7885665483089575e-05 7.776447263907471e-14
v_24 0.0236174 0.023617387569999867 6.143655462836906e-13 3.318803730720603e-05 1.1014439360579331e-13
v_25 0.0236174 0.023617387569999867 6.143655462836906e-13 3.318803730720603e-05 1.1014439360579331e-13
v_26 0.0258329 0.02583290875000016 1.3179634250279348e-12 4.4440441949420394e-05 1.9749564206250624e-13
v_27 0.0236174 0.023617387569999867 6.143655462836906e-13 3.318803730720603e-05 1.1014439360579331e-13
v_28 0.0774987 0.07749872828999951 1.185879953263802e-11 4.443506172154943e-05 1.9744477164351794e-13
v_29 -3.05326 -3.053244655000025 1.4833510419975937e-08 0.0 0.0
v_3 1.41761 1.4176034199999268 3.617702137859169e-09 4.242888812592643e-05 1.8000485546565415e-13
v_30 0.0999495 0.09995077607999955 2.5777024612039234e-11 5.079608280720729e-05 2.580269775620536e-13
v_31 -4.44089e-13 5.987955499999989e-15 5.600714235890669e-25 124.98075473774621 0.0
v_32 -0.0258329 -0.02583290875000016 1.3179634250279348e-12 0.0 0.0
v_33 0.0258329 0.02583290875000016 1.3179634250279348e-12 4.4440441949420394e-05 1.9749564206250624e-13
v_34 -3.33067e-13 -3.8224474000000064e-15 2.5177071212341662e-26 0.0 0.0
v_35 8.47033e-19 -3.524535899999961e-21 8.418579545423085e-37 0.0 0.00011733785874650756
v_36 0.0 -2.1897307999999914e-17 1.0381748603081892e-29 0.0 0.0
v_37 -4.33681e-16 -4.110183400000045e-18 5.655768851734456e-31 0.0 0.0
v_38 0.0 -1.4427207799999959e-16 8.353436876519989e-29 0.0 0.0
v_4 1.46484 1.4648382730000258 3.639391898957456e-09 4.118364042579745e-05 1.696126905592621e-13
v_5 1.46484 1.4648382730000258 3.639391898957456e-09 4.118364042579745e-05 1.696126905592621e-13
v_6 1.46484 1.4648382730000258 3.639391898957456e-09 4.118364042579745e-05 1.696126905592621e-13
v_7 2.95331 2.9532939599999763 1.4565737060934225e-08 4.0865757706498465e-05 1.6699838178979575e-13
v_8 2.45926 2.4596457280000554 4.282558041523998e-08 8.413545937415675e-05 7.081017550092384e-13
v_9 0.494049 0.4936482514000053 3.5073346560388075e-08 0.00037937700203320186 1.4369353151799657e-11
