species_id wild_type mean var CV ER
ADPf 0.187128 0.1870066458999992 2.3465007360778944e-08 0.0008191308950896668 6.701054934277195e-11
AMPf 0.0722413 0.07221270094 5.234696592859578e-09 0.0010019179753400483 1.0030449622000504e-10
ATPf 0.183657 0.1835750292999993 1.0952205968528528e-08 0.0005700818247224185 3.2470321997823956e-11
DHAP 0.149233 0.14928906710000026 5.8413940781654183e-08 0.0016189381186992148 2.622930404871937e-10
E4P 0.00627176 0.006251492231999994 1.723653824853874e-10 0.0021001065422325345 4.381988002233328e-10
Fru16P2 0.0096835 0.009726837967000005 1.1593555304960281e-09 0.0035005528409970416 1.2363798672643256e-09
Fru6P 0.0153444 0.015329201560000194 8.657120297863273e-11 0.0006069699514930463 3.676831195065233e-11
GSH 3.11403 3.1140198260000327 1.5864181079905393e-09 1.2790498053777768e-05 1.6351719978047185e-14
GSSG 0.000186743 0.00019032039970000392 4.001981386073735e-10 0.10511197372141382 1.1475890654497832e-06
Glc6P 0.0394896 0.03949007531999987 9.339474235214168e-10 0.000773879339116458 5.989036511167001e-11
GlcA6P 0.0250543 0.024305610949999997 6.0886889160341505e-06 0.10152087464953251 9.699720918740274e-07
Glcin 4.5668 4.269566671000071 0.05050804077666271 0.052637646309660543 2.421790312698402e-07
Glcout 5.0 5.0 0.0 0.0 0.0
GraP 0.00606287 0.00607005713900008 8.399621517535434e-11 0.0015098613898687683 2.285089472753299e-10
Gri13P2 0.000480655 0.00048178905740000965 2.4149829497815374e-13 0.0010199998374666771 1.0453149326128397e-10
Gri23P2f 2.06123 2.0574581670000383 1.4327571553174323e-05 0.001839735036531733 3.3722493802956777e-10
Gri2P 0.00844208 0.00845911203399995 5.413341871659573e-10 0.002750476576132047 7.595677706584425e-10
Gri3P 0.0657639 0.06607880122000027 2.2448493095655886e-08 0.002267417222802993 5.190534391852353e-10
Lac 1.68031 1.68017865300011 2.0644773446321096e-08 8.551643702800078e-05 7.312089378430641e-13
Lacex 1.68 1.6800000000002027 -5.471179065352771e-13 nan 0.0
MgADP 0.136822 0.1368976576999965 7.822126609630109e-09 0.0006460504050748892 4.1784279480872045e-11
MgAMP 0.00243877 0.002497666406000028 6.9667412010437454e-09 0.033417996278873804 1.1713535275259534e-07
MgATP 1.41771 1.4178103690000043 2.6942135189500505e-08 0.00011577048622907939 1.3404715559772739e-12
MgGri23P2 0.687233 0.6867547049000087 2.7913813999136394e-07 0.0007693216364389071 5.91032281227477e-11
Mgf 0.555793 0.5560397026000001 1.2605430044221322e-07 0.0006385178327553162 4.080670288342247e-11
NAD 0.0653436 0.06534410603999961 7.980335142709905e-14 4.3231882239381615e-06 1.8860912831542008e-15
NADH 0.000156372 0.00015588306539999979 7.580569837214107e-14 0.0017662492443779097 3.100158360247462e-10
NADPHf 0.00488917 0.004886921963000024 6.821252828396627e-12 0.0005344371869641227 2.8536050522554036e-11
NADPf 2.34376e-05 2.4293973379999764e-05 4.671658710622188e-13 0.028134357559206666 8.504422574742154e-08
P1NADP 5.73941e-06 5.668665171999969e-06 1.2900602386343546e-13 0.06336131608353358 3.916295825949434e-07
P1NADPH 0.0239453 0.02394639113999964 6.889134445201006e-13 3.466109336544445e-05 1.201404531414596e-13
P1f 4.89762e-05 4.7934929700000076e-05 9.900762029874145e-13 0.020757842684637397 4.127608048769549e-08
P2NADP 0.00202414 0.002042772000999997 1.5462897522148042e-09 0.0192497698837748 3.7740685410891926e-08
P2NADPH 0.0211122 0.02109394733999998 1.459483418993733e-09 0.0018110970584998126 3.274403447939278e-10
P2f 0.000863632 0.0008632809704999929 1.270330755832106e-12 0.0013055882674240973 1.7031753303253793e-10
PEP 0.0109396 0.01090424214999991 1.1766123827610135e-09 0.0031457283768107267 9.831743251864645e-10
PRPP 1.0 1.0 0.0 0.0 0.0
Phi 0.999225 0.9989995961999468 6.269251517920793e-08 0.00025063547099503743 6.278971653728149e-12
Phiex 1.0 1.0 0.0 0.0 0.0
Pyr 0.08399 0.08398979070000029 2.4066512671616636e-13 5.840904196824992e-06 3.404243553717379e-15
Pyrex 0.084 0.08399999999998085 2.8744367996935694e-15 6.382592184126526e-07 0.0
Rib5P 0.0140053 0.013984455849999838 2.865680058701525e-10 0.001210509713259077 1.4609752677641196e-10
Rul5P 0.00472192 0.004721025753999997 1.487500044539407e-11 0.0008169436927152588 6.671442384087456e-11
Sed7P 0.0154123 0.015388169950000068 7.256962105621056e-10 0.0017506142268078459 3.0550614661395413e-10
Xul5P 0.0127437 0.012741844869999965 1.0810902956810871e-10 0.0008160159942128425 6.656882314270973e-11
v_1 1.51429 1.51428790300002 6.017783604761462e-09 5.122828658403117e-05 2.6243845985263194e-13
v_10 0.494049 0.4939878245999896 1.2833585777416445e-08 0.00022932835928082625 5.257841195760449e-12
v_11 2.95331 2.9533384240000253 2.5860705576974397e-08 5.445113906206174e-05 2.9650195632058285e-13
v_12 2.95331 2.9533384240000253 2.5860705576974397e-08 5.445113906206174e-05 2.9650195632058285e-13
v_13 2.95331 2.9533384240000253 2.5860705576974397e-08 5.445113906206174e-05 2.9650195632058285e-13
v_14 2.95331 2.9533384240000253 2.5860705576974397e-08 5.445113906206174e-05 2.9650195632058285e-13
v_15 0.0999495 0.09990313078999977 2.8906147076651623e-09 0.0005381656888729181 2.8935362184068224e-11
v_16 2.38176 2.3819212570000103 7.591619599622845e-08 0.00011567508278137391 1.3382508878834188e-12
v_17 0.0258329 0.025809783929999934 6.987638832356771e-10 0.001024190766153884 1.047090271266704e-10
v_18 0.0966851 0.0966618561399992 6.946978981653418e-10 0.00027267345563998947 7.431503923349681e-12
v_19 0.0966851 0.0966618561399992 6.946978981653418e-10 0.00027267345563998947 7.431503923349681e-12
v_2 1.51429 1.51428790300002 6.017783604761462e-09 5.122828658403117e-05 2.6243845985263194e-13
v_20 0.0934208 0.0934205837500041 1.4437444295634094e-12 1.2861824641173068e-05 1.656652592885166e-14
v_21 0.0934208 0.0934205837500041 1.4437444295634094e-12 1.2861824641173068e-05 1.656652592885166e-14
v_22 0.0472348 0.04723471514000006 2.6900521740702565e-12 3.472314477378223e-05 1.2056758924572364e-13
v_23 0.0494503 0.049427140919999994 6.961269477523402e-10 0.0005338002014038606 2.8467581503210937e-11
v_24 0.0236174 0.023617357560000028 6.752797106213126e-13 3.4794495658629306e-05 1.2106502467190693e-13
v_25 0.0236174 0.023617357560000028 6.752797106213126e-13 3.4794495658629306e-05 1.2106502467190693e-13
v_26 0.0258329 0.025809783929999934 6.987638832356771e-10 0.001024190766153884 1.047090271266704e-10
v_27 0.0236174 0.023617357560000028 6.752797106213126e-13 3.4794495658629306e-05 1.2106502467190693e-13
v_28 0.0774987 0.07742935184999981 6.2889271915111955e-09 0.0010241950193852281 1.0470989741939718e-10
v_29 -3.05326 -3.0532415179999624 2.427898593282407e-08 0.0 0.0
v_3 1.41761 1.4176257540000001 6.4636767049819355e-09 5.671242508887654e-05 3.21640092337816e-13
v_30 0.0999495 0.09990313078999977 2.8906147076651623e-09 0.0005381656888729181 2.8935362184068224e-11
v_31 -4.44089e-13 7.41689309999992e-15 5.156897657700474e-25 96.82159589100375 0.0
v_32 -0.0258329 -0.025809783929999934 6.987638832356771e-10 0.0 0.0
v_33 0.0258329 0.025809783929999934 6.987638832356771e-10 0.001024190766153884 1.047090271266704e-10
v_34 -3.33067e-13 -9.54080799999997e-17 2.3038782260248156e-26 0.0 0.0
v_35 8.47033e-19 1.5161337000000002e-20 5.886171766729352e-37 50.603314564014866 8.204125026027885e-05
v_36 0.0 2.6769538000000045e-17 8.401563324875753e-30 108.27773851959346 0.0
v_37 -4.33681e-16 -7.28654069999999e-18 5.055637845333463e-31 0.0 0.0
v_38 0.0 -1.4351795700000052e-16 7.638874492401807e-29 0.0 0.0
v_4 1.46484 1.4648606430000408 6.464460522437321e-09 5.4887042861801136e-05 3.0127642602906237e-13
v_5 1.46484 1.4648606430000408 6.464460522437321e-09 5.4887042861801136e-05 3.0127642602906237e-13
v_6 1.46484 1.4648606430000408 6.464460522437321e-09 5.4887042861801136e-05 3.0127642602906237e-13
v_7 2.95331 2.9533384240000253 2.5860705576974397e-08 5.445113906206174e-05 2.9650195632058285e-13
v_8 2.45926 2.4593505599999923 4.951645404815963e-08 9.048036212610536e-05 8.187307498630502e-13
v_9 0.494049 0.4939878245999896 1.2833585777416445e-08 0.00022932835928082625 5.257841195760449e-12
