species_id wild_type mean var CV ER
ADPf 0.187128 0.18719705789999921 7.310230573653875e-09 0.00045673734061159934 2.0876299200445203e-11
AMPf 0.0722413 0.07235151699999985 7.064374855057787e-09 0.0011616872600542971 1.3536382958978522e-10
ATPf 0.183657 0.18360621399999988 4.584429370846355e-09 0.0003687697319887707 1.3591589065331532e-11
DHAP 0.149233 0.14907023879999606 1.2605347862737482e-08 0.0007531586536243418 5.6601127540467645e-11
E4P 0.00627176 0.006273175836000026 9.085353387043409e-12 0.00048048900182571223 2.3097394930005067e-11
Fru16P2 0.0096835 0.009682348017999986 2.877796073950988e-10 0.0017520613899441276 3.0689888030899225e-10
Fru6P 0.0153444 0.015341938380000088 3.5350703348749e-11 0.0003875420171642003 1.501406571291497e-11
GSH 3.11403 3.11395969899993 1.4718590790607777e-09 1.2320267231436809e-05 1.5169687728189275e-14
GSSG 0.000186743 0.00022037966109999968 3.6432669794434937e-10 0.08661118646501273 1.044725835721394e-06
Glc6P 0.0394896 0.039475232220000635 2.0593480870231828e-10 0.0003635299417178797 1.3205795301729496e-11
GlcA6P 0.0250543 0.028907559849999796 2.3126628354096018e-05 0.16635839709709696 3.684238822500552e-06
Glcin 4.5668 4.491046259000064 0.0013802878317576983 0.008272510008286557 6.618288193993571e-09
Glcout 5.0 5.0 0.0 0.0 0.0
GraP 0.00606287 0.006057439559999995 2.3772663945340576e-11 0.0008049146576483831 6.46727534303615e-11
Gri13P2 0.000480655 0.0004807101795 2.2622344827011794e-13 0.000989430947516054 9.791983841545005e-11
Gri23P2f 2.06123 2.0610989599999767 2.133775812929173e-06 0.0007087214052846254 5.022221126749215e-11
Gri2P 0.00844208 0.00846602799299999 1.261334939218952e-10 0.0013265863150164654 1.7698298113710819e-10
Gri3P 0.0657639 0.06601045531000037 1.2617817803615983e-08 0.001701685889644546 2.91748838665562e-10
Lac 1.68031 1.6802453189998083 6.368041649551515e-09 4.749307106121701e-05 2.255150288732466e-13
Lacex 1.68 1.6800000000002027 -5.471179065352771e-13 nan 0.0
MgADP 0.136822 0.13695184819999914 7.2918273121003185e-09 0.0006235198585743427 3.895152884680897e-11
MgAMP 0.00243877 0.002443059107000013 4.141349609553343e-09 0.026341285961763664 6.963061112459368e-08
MgATP 1.41771 1.4174501440000136 3.113430180334831e-08 0.00012448349500798102 1.5490468685541714e-12
MgGri23P2 0.687233 0.6873155241999932 6.260629725751699e-08 0.00036404314378058286 1.3255920627841533e-11
Mgf 0.555793 0.5558392496999978 3.6881042331238234e-08 0.000345503445549044 1.193924723530415e-11
NAD 0.0653436 0.06534353024000684 1.4623718902484484e-15 5.852296503650047e-07 8.351097591230427e-17
NADH 0.000156372 0.00015645290760000357 1.1490366319108026e-15 0.00021666227475142577 4.699129707574912e-12
NADPHf 0.00488917 0.004889318106999963 1.0989971614499237e-13 6.780316880751717e-05 4.597619840396306e-13
NADPf 2.34376e-05 2.305004515000011e-05 5.989045493612671e-14 0.010617127324657855 1.090263156435789e-08
P1NADP 5.73941e-06 5.673334560000037e-06 1.2805522700079625e-13 0.06307543586085992 3.8874320436749213e-07
P1NADPH 0.0239453 0.023945480030001295 3.4519110660158336e-13 2.453614058719234e-05 6.01935834509959e-14
P1f 4.89762e-05 4.88491136299998e-05 2.6830201228756597e-13 0.010603647382998429 1.118545766328749e-08
P2NADP 0.00202414 0.002016120743999992 1.7981665275245432e-10 0.006651175637933682 4.388830561929957e-09
P2NADPH 0.0211122 0.021120360890000363 1.6748189375073372e-10 0.000612748979461416 3.7575168776449177e-11
P2f 0.000863632 0.000863518938700006 2.4183174201804615e-13 0.0005694882726723448 3.242320070206972e-11
PEP 0.0109396 0.010953260199999891 4.83525272311448e-10 0.0020075491393339597 4.040324688370234e-10
PRPP 1.0 1.0 0.0 0.0 0.0
Phi 0.999225 0.9992482264000839 2.1926312987474716e-09 4.6860769783612025e-05 2.1962582863466196e-13
Phiex 1.0 1.0 0.0 0.0 0.0
Pyr 0.08399 0.08398967375999192 5.481552711739113e-14 2.7875707770180604e-06 7.727374295996015e-16
Pyrex 0.084 0.08399999999998085 2.8744367996935694e-15 6.382592184126526e-07 0.0
Rib5P 0.0140053 0.014007626590000165 6.932876365009499e-12 0.0001879715712708831 3.5345104398842862e-12
Rul5P 0.00472192 0.004722325782999998 4.704299897220245e-13 0.00014524177748415548 2.109883356915532e-12
Sed7P 0.0154123 0.015449476180000112 2.9786630223438935e-10 0.0011171125424773983 1.2539680207535042e-10
Xul5P 0.0127437 0.012745546009999954 4.059877786602786e-12 0.0001580876832900354 2.4998963565892042e-12
v_1 1.51429 1.5142822830000329 2.1206489897451775e-09 3.0410779607517572e-05 9.249181420756259e-14
v_10 0.494049 0.4944654804999913 9.311827961488994e-08 0.0006171368702586012 3.815003093432523e-11
v_11 2.95331 2.9532808179999903 8.46043946012287e-09 3.114524248547284e-05 9.699560044040822e-14
v_12 2.95331 2.9532808179999903 8.46043946012287e-09 3.114524248547284e-05 9.699560044040822e-14
v_13 2.95331 2.9532808179999903 8.46043946012287e-09 3.114524248547284e-05 9.699560044040822e-14
v_14 2.95331 2.9532808179999903 8.46043946012287e-09 3.114524248547284e-05 9.699560044040822e-14
v_15 0.0999495 0.09995210828999894 4.5697425010704507e-11 6.763226081614103e-05 4.57436932777e-13
v_16 2.38176 2.3813166099999004 8.792627959053334e-08 0.0001245208875122566 1.5499623806647378e-12
v_17 0.0258329 0.02583292387999998 1.314117868342346e-12 4.4375534385363516e-05 1.9692283359518114e-13
v_18 0.0966851 0.09668544344000035 1.1569405156119927e-11 3.51798855025808e-05 1.2377063818291845e-13
v_19 0.0966851 0.09668544344000035 1.1569405156119927e-11 3.51798855025808e-05 1.2377063818291845e-13
v_2 1.51429 1.5142822830000329 2.1206489897451775e-09 3.0410779607517572e-05 9.249181420756259e-14
v_20 0.0934208 0.09341877778000254 1.3059726911013314e-12 1.223299693128556e-05 1.498526858156879e-14
v_21 0.0934208 0.09341877778000254 1.3059726911013314e-12 1.223299693128556e-05 1.498526858156879e-14
v_22 0.0472348 0.04723501257000028 4.6520209559530734e-12 4.5662196217809366e-05 2.0850841053743352e-13
v_23 0.0494503 0.04945043083999995 2.4117227312436817e-12 3.1404624762585267e-05 9.862797245574484e-14
v_24 0.0236174 0.023617505709999674 1.1597418988693042e-12 4.559808929624947e-05 2.0791997012992168e-13
v_25 0.0236174 0.023617505709999674 1.1597418988693042e-12 4.559808929624947e-05 2.0791997012992168e-13
v_26 0.0258329 0.02583292387999998 1.314117868342346e-12 4.4375534385363516e-05 1.9692283359518114e-13
v_27 0.0236174 0.023617505709999674 1.1597418988693042e-12 4.559808929624947e-05 2.0791997012992168e-13
v_28 0.0774987 0.07749877199000031 1.1835244589919469e-11 4.439088443068177e-05 1.9705246323553637e-13
v_29 -3.05326 -3.053232797999985 8.415261376626404e-09 0.0 0.0
v_3 1.41761 1.4175967679999526 2.147466204860393e-09 3.268966384034542e-05 1.0685178297720199e-13
v_30 0.0999495 0.09995210828999894 4.5697425010704507e-11 6.763226081614103e-05 4.57436932777e-13
v_31 -4.44089e-13 -1.6037150899999895e-14 4.004741996367663e-25 0.0 0.0
v_32 -0.0258329 -0.02583292387999998 1.314117868342346e-12 0.0 0.0
v_33 0.0258329 0.02583292387999998 1.314117868342346e-12 4.4375534385363516e-05 1.9692283359518114e-13
v_34 -3.33067e-13 -2.957860710000009e-15 1.848381844533871e-26 0.0 0.0
v_35 8.47033e-19 -1.7934288600000048e-20 4.513213559036563e-37 0.0 6.290500816981119e-05
v_36 0.0 -6.220626199999992e-17 7.136338017688383e-30 0.0 0.0
v_37 -4.33681e-16 1.1059542900000221e-17 3.8938610140011224e-31 56.42259356108613 0.0
v_38 0.0 8.647678600000019e-17 5.87779323530803e-29 88.65589370606364 0.0
v_4 1.46484 1.4648316759999886 2.132367615814701e-09 3.152414499875989e-05 9.937642930779589e-14
v_5 1.46484 1.4648316759999886 2.132367615814701e-09 3.152414499875989e-05 9.937642930779589e-14
v_6 1.46484 1.4648316759999886 2.132367615814701e-09 3.152414499875989e-05 9.937642930779589e-14
v_7 2.95331 2.9532808179999903 8.46043946012287e-09 3.114524248547284e-05 9.699560044040822e-14
v_8 2.45926 2.458815214999985 8.795994599353207e-08 0.00012061923928914924 1.4543714010883946e-12
v_9 0.494049 0.4944654804999913 9.311827961488994e-08 0.0006171368702586012 3.815003093432523e-11
