species_id wild_type mean var CV ER
ADPf 0.187128 0.1870101697000034 1.9299852070664425e-08 0.0007428681964569471 5.511584378892209e-11
AMPf 0.0722413 0.07225854289000075 7.364630278880457e-09 0.0011876439887393737 1.4111716553077968e-10
ATPf 0.183657 0.18363208950000187 1.3118958336333364e-08 0.00062373641594276 3.8894163167935145e-11
DHAP 0.149233 0.14942647060000167 3.769775035189493e-08 0.001299362050009128 1.692722260582258e-10
E4P 0.00627176 0.006266806651000058 1.2476693814114214e-10 0.0017823929799493986 3.1719085434867013e-10
Fru16P2 0.0096835 0.009643583899999877 6.522481931593499e-10 0.0026483048697622394 6.955817336229408e-10
Fru6P 0.0153444 0.015352245719999897 2.0417244213670124e-10 0.0009307362925765911 8.671561539941308e-11
GSH 3.11403 3.113902898000286 2.150656541743956e-09 1.4892940829517633e-05 2.2210822070434233e-14
GSSG 0.000186743 0.00024850074270000173 5.341851759347843e-10 0.09300755438948005 1.5318038933371802e-06
Glc6P 0.0394896 0.03954279384000031 1.9114289554356817e-09 0.0011056348766054457 1.2257240971091933e-10
GlcA6P 0.0250543 0.026724135789999957 2.8152545181670463e-06 0.0627848935501576 4.484903649726535e-07
Glcin 4.5668 4.874313343999958 0.04856864267335581 0.04521312643659231 2.3287988708218244e-07
Glcout 5.0 5.0 0.0 0.0 0.0
GraP 0.00606287 0.006070358880000004 4.491794277836341e-11 0.0011040673360585306 1.221977925291995e-10
Gri13P2 0.000480655 0.00048123021729999644 3.024554014245121e-13 0.0011428198699399703 1.3091650623575646e-10
Gri23P2f 2.06123 2.0603071330000153 6.080737028568706e-06 0.0011968676948399008 1.4312098413071795e-10
Gri2P 0.00844208 0.008455201388000084 9.952056439685962e-11 0.0011798653823438816 1.3964130873844737e-10
Gri3P 0.0657639 0.06576650141999976 8.577896959578724e-09 0.0014082691747022162 1.983378956404991e-10
Lac 1.68031 1.6801264259999429 1.3675950372160628e-07 0.000220108490471121 4.843699530354684e-12
Lacex 1.68 1.6800000000002027 -5.471179065352771e-13 nan 0.0
MgADP 0.136822 0.13687104689999763 1.54542925262513e-08 0.0009082658285729439 8.255383092681257e-11
MgAMP 0.00243877 0.0025046074189999665 8.985957571094205e-09 0.03784796375502215 1.5108546155278014e-07
MgATP 1.41771 1.417723666000023 4.076617710069286e-09 4.503585418732831e-05 2.028336165693645e-13
MgGri23P2 0.687233 0.6870276838000126 1.5672697917246126e-07 0.0005762323605641075 3.3184536263330954e-11
Mgf 0.555793 0.5558730889999992 1.2495592127681476e-07 0.0006359204202611033 4.04511353968573e-11
NAD 0.0653436 0.06534370037000639 1.2867311383057967e-14 1.7359618659939741e-06 3.0668800832245324e-16
NADH 0.000156372 0.00015629641640000096 1.3174921314094549e-14 0.0007343870238012044 5.388028290198577e-11
NADPHf 0.00488917 0.004889282508000095 6.874127731881091e-14 5.362455075678776e-05 2.8757949355195934e-13
NADPf 2.34376e-05 2.3537858479999818e-05 1.4253978732535523e-14 0.0050722553149092145 2.5948354960059207e-09
P1NADP 5.73941e-06 5.297747416000041e-06 7.751654981852179e-14 0.05255402325627407 2.353205931056257e-07
P1NADPH 0.0239453 0.023946354409998847 2.8914988892819737e-13 2.2455467913589674e-05 5.044908935047942e-14
P1f 4.89762e-05 4.834993360000002e-05 1.0386156758611146e-13 0.006665481917338945 4.329968148142349e-09
P2NADP 0.00202414 0.0020127050960000266 1.0262481927609803e-10 0.005033221655237116 2.5047899467556256e-09
P2NADPH 0.0211122 0.0211228230799999 9.526032398879739e-11 0.0004620660557844738 2.137199501817122e-11
P2f 0.000863632 0.0008644703749999921 1.5737778848717848e-13 0.00045890374756466814 2.1100167324483722e-11
PEP 0.0109396 0.010909942230000089 1.6170646971387951e-09 0.003685880467727802 1.3512151752270718e-09
PRPP 1.0 1.0 0.0 0.0 0.0
Phi 0.999225 0.9993413635999625 3.327523323548576e-08 0.00018253522711461092 3.3326737591821143e-12
Phiex 1.0 1.0 0.0 0.0 0.0
Pyr 0.08399 0.08399106172999866 4.420925431292133e-13 7.91632332314856e-06 6.273204178341984e-15
Pyrex 0.084 0.08399999999998085 2.8744367996935694e-15 6.382592184126526e-07 0.0
Rib5P 0.0140053 0.014003383600000344 1.3969049522796415e-11 0.00026690114858240744 7.121673795129624e-12
Rul5P 0.00472192 0.00471903814599999 1.4133864638019543e-12 0.00025192831150101016 6.3390437232691e-12
Sed7P 0.0154123 0.015393882720000219 1.069877588648696e-09 0.0021248039820048557 4.504008341843502e-10
Xul5P 0.0127437 0.012735657659999997 1.065348647515986e-11 0.0002562857757839977 6.55995169296375e-12
v_1 1.51429 1.5143058159999863 3.51942563980856e-09 3.917619984876977e-05 1.534818494519641e-13
v_10 0.494049 0.49408525849999796 2.36973062284207e-08 0.0003115642317254549 9.708650350326309e-12
v_11 2.95331 2.953329205000008 1.428011131565654e-08 4.046261403133056e-05 1.6372596611802236e-13
v_12 2.95331 2.953329205000008 1.428011131565654e-08 4.046261403133056e-05 1.6372596611802236e-13
v_13 2.95331 2.953329205000008 1.428011131565654e-08 4.046261403133056e-05 1.6372596611802236e-13
v_14 2.95331 2.953329205000008 1.428011131565654e-08 4.046261403133056e-05 1.6372596611802236e-13
v_15 0.0999495 0.09995304884999946 3.1531088504066496e-11 5.617892646418879e-05 3.156266803472363e-13
v_16 2.38176 2.3817449569999196 1.1034193114767277e-08 4.410370107275351e-05 1.9450642207985425e-13
v_17 0.0258329 0.025832867489999876 5.05529927814774e-12 8.703637995475226e-05 7.575306937290805e-13
v_18 0.0966851 0.09668507130000169 7.034647170334196e-12 2.7432269460150103e-05 7.525948753084322e-14
v_19 0.0966851 0.09668507130000169 7.034647170334196e-12 2.7432269460150103e-05 7.525948753084322e-14
v_2 1.51429 1.5143058159999863 3.51942563980856e-09 3.917619984876977e-05 1.534818494519641e-13
v_20 0.0934208 0.09341709191000057 1.92689093847509e-12 1.485943250672038e-05 2.20909623926957e-14
v_21 0.0934208 0.09341709191000057 1.92689093847509e-12 1.485943250672038e-05 2.20909623926957e-14
v_22 0.0472348 0.04723480132000007 3.5628626784967032e-12 3.996110133852023e-05 1.5969365829704428e-13
v_23 0.0494503 0.04945026823000001 3.934467768945682e-12 4.0112002558018784e-05 1.6089745091818486e-13
v_24 0.0236174 0.023617401239999843 8.905492445906993e-13 3.9957366933356716e-05 1.5965904154313648e-13
v_25 0.0236174 0.023617401239999843 8.905492445906993e-13 3.9957366933356716e-05 1.5965904154313648e-13
v_26 0.0258329 0.025832867489999876 5.05529927814774e-12 8.703637995475226e-05 7.575306937290805e-13
v_27 0.0236174 0.023617401239999843 8.905492445906993e-13 3.9957366933356716e-05 1.5965904154313648e-13
v_28 0.0774987 0.07749860256000063 4.553904562470956e-11 8.707592385292698e-05 7.582173888742716e-13
v_29 -3.05326 -3.0532821039999973 1.4025085093294365e-08 0.0 0.0
v_3 1.41761 1.4176210169999837 3.6338327902285528e-09 4.2522846284424446e-05 1.8082342290171028e-13
v_30 0.0999495 0.09995304884999946 3.1531088504066496e-11 5.617892646418879e-05 3.156266803472363e-13
v_31 -4.44089e-13 -1.6193309100000198e-14 3.25746608928979e-25 0.0 0.0
v_32 -0.0258329 -0.025832867489999876 5.05529927814774e-12 0.0 0.0
v_33 0.0258329 0.025832867489999876 5.05529927814774e-12 8.703637995475226e-05 7.575306937290805e-13
v_34 -3.33067e-13 1.881323139999995e-15 1.512487418739845e-26 65.37060255393571 0.0
v_35 8.47033e-19 6.358974799999993e-21 3.5908579232759417e-37 94.23495057590374 5.004924851119193e-05
v_36 0.0 7.399786699999997e-17 4.9091862646456194e-30 29.942327340265084 0.0
v_37 -4.33681e-16 1.268304140000006e-17 3.174624422994441e-31 44.424522293487364 0.0
v_38 0.0 7.512586500000014e-17 4.851247036085465e-29 92.71226894731599 0.0
v_4 1.46484 1.4648556210000114 3.5665519426686387e-09 4.0768943279905174e-05 1.6621799492355649e-13
v_5 1.46484 1.4648556210000114 3.5665519426686387e-09 4.0768943279905174e-05 1.6621799492355649e-13
v_6 1.46484 1.4648556210000114 3.5665519426686387e-09 4.0768943279905174e-05 1.6621799492355649e-13
v_7 2.95331 2.953329205000008 1.428011131565654e-08 4.046261403133056e-05 1.6372596611802236e-13
v_8 2.45926 2.459243927999935 1.1136743971462693e-08 4.291187686852472e-05 1.8413658375848741e-13
v_9 0.494049 0.49408525849999796 2.36973062284207e-08 0.0003115642317254549 9.708650350326309e-12
