species_id wild_type mean var CV ER
ADPf 0.187128 0.18711949070000009 5.278362261162961e-09 0.00038826708021204553 1.507375547715739e-11
AMPf 0.0722413 0.07223317912999651 1.015558267689065e-09 0.00044117987528655736 1.945958335580755e-11
ATPf 0.183657 0.18370475979999443 7.476675903395069e-09 0.00047068880457694134 2.2166310276183766e-11
DHAP 0.149233 0.14904819240000397 1.1282431638254264e-08 0.0007126472964947673 5.066091357530667e-11
E4P 0.00627176 0.006268554619999984 9.558751115938333e-12 0.0004932114639795412 2.430089798277635e-11
Fru16P2 0.0096835 0.009666566871000003 2.7097746843705167e-10 0.0017029203326390826 2.889804519345951e-10
Fru6P 0.0153444 0.015363024979999909 8.489140114606095e-11 0.000599729088973124 3.605485865421087e-11
GSH 3.11403 3.114031312000434 1.2151346595601353e-10 3.539885617491874e-06 1.2810641436544756e-15
GSSG 0.000186743 0.00018419962660000145 2.3430798958743016e-11 0.026278756054322536 6.718903984564984e-08
Glc6P 0.0394896 0.03954591774000057 8.43529254909367e-10 0.0007344266302393065 5.409221535135345e-11
GlcA6P 0.0250543 0.023093084690000393 2.1626926646507857e-06 0.06368181831115809 3.445325515834763e-07
Glcin 4.5668 4.720372880000177 0.01024558341422832 0.021443320669200832 4.912614761063416e-08
Glcout 5.0 5.0 0.0 0.0 0.0
GraP 0.00606287 0.006052624770000017 3.00764009780307e-11 0.0009060855037008631 8.182186108651734e-11
Gri13P2 0.000480655 0.00048132976389998836 2.931512052319074e-13 0.001124872045452667 1.2688922967907245e-10
Gri23P2f 2.06123 2.0622101049999615 6.007673436947414e-06 0.0011885576402325966 1.4140129889206322e-10
Gri2P 0.00844208 0.008466940886000121 8.62584608233262e-11 0.001096918407698469 1.2103270981000946e-10
Gri3P 0.0657639 0.0658473881999995 3.811367756990924e-09 0.0009375660530666982 8.812633751631439e-11
Lac 1.68031 1.680300629000027 2.878808302853031e-11 3.1931504638254986e-06 1.0404122008367267e-15
Lacex 1.68 1.6800000000002027 -5.471179065352771e-13 nan 0.0
MgADP 0.136822 0.1368171042000018 3.926593560715785e-09 0.00045800221767266895 2.0975097303477243e-11
MgAMP 0.00243877 0.0024388336599999905 7.172684491606196e-10 0.010981424587067001 1.2059798171804025e-08
MgATP 1.41771 1.4176864940000402 1.5726043578467852e-08 8.8456456008709e-05 7.824302761250124e-13
MgGri23P2 0.687233 0.68739379099998 1.9539172446680908e-07 0.0006430540502313445 4.137118572167253e-11
Mgf 0.555793 0.5556636701999979 8.883988200647508e-08 0.0005364039699072718 2.8759537029632298e-11
NAD 0.0653436 0.06534401986999624 5.048912676830497e-14 3.438690442738476e-06 1.18840493001926e-15
NADH 0.000156372 0.00015596128990000323 5.6035239199038984e-14 0.0015177973724353358 2.2916235465908486e-10
NADPHf 0.00488917 0.004888942444000124 8.276782105282217e-14 5.884584948063868e-05 3.4625046163583307e-13
NADPf 2.34376e-05 2.35724482599997e-05 8.887880619652188e-15 0.003999396066611946 1.6179754771750154e-09
P1NADP 5.73941e-06 5.806368862000022e-06 8.7221141906881e-15 0.016084451749516716 2.6478127429441222e-08
P1NADPH 0.0239453 0.023945033359999184 1.3704532300651273e-14 4.888962014585812e-06 2.4389712471872826e-15
P1f 4.89762e-05 4.9147236280000376e-05 3.122815267278717e-15 0.001137035556976155 1.301895397931574e-10
P2NADP 0.00202414 0.0020318613420000162 4.398883673631523e-11 0.0032642030868812707 1.07364666908083e-09
P2NADPH 0.0211122 0.021104770670000106 4.1230863721038874e-11 0.0003042499944500725 9.250291710394265e-12
P2f 0.000863632 0.0008633677566000037 4.514687969969761e-14 0.00024610364409187734 6.052996770478103e-12
PEP 0.0109396 0.010981156280000142 5.180542251691928e-10 0.0020727147488409817 4.328847940326952e-10
PRPP 1.0 1.0 0.0 0.0 0.0
Phi 0.999225 0.9992589279001153 4.1335590506008657e-10 2.0346234045171364e-05 4.140974230182337e-14
Phiex 1.0 1.0 0.0 0.0 0.0
Pyr 0.08399 0.08399097929001009 4.360782568380017e-13 7.862299284685539e-06 6.207212521758265e-15
Pyrex 0.084 0.08399999999998085 2.8744367996935694e-15 6.382592184126526e-07 0.0
Rib5P 0.0140053 0.014003562840000256 4.6930034457073194e-12 0.0001546987811405976 2.392585873867148e-12
Rul5P 0.00472192 0.0047214602360000635 7.893791685847223e-13 0.00018817697994333334 3.5403713072312825e-12
Sed7P 0.0154123 0.015446075159999816 5.10297857057385e-10 0.0014624927724857688 2.1482698127073263e-10
Xul5P 0.0127437 0.012743076470000015 4.316001657629631e-12 0.00016302961844629634 2.657610775891328e-12
v_1 1.51429 1.5142879540000223 8.79897621430814e-09 6.194519212405725e-05 3.837202666723272e-13
v_10 0.494049 0.49408714599999537 4.660230701336587e-09 0.0001381656717110472 1.9092654568453326e-12
v_11 2.95331 2.953295919000087 3.412056948093323e-08 6.254623471138613e-05 3.912008605944095e-13
v_12 2.95331 2.953295919000087 3.412056948093323e-08 6.254623471138613e-05 3.912008605944095e-13
v_13 2.95331 2.953295919000087 3.412056948093323e-08 6.254623471138613e-05 3.912008605944095e-13
v_14 2.95331 2.953295919000087 3.412056948093323e-08 6.254623471138613e-05 3.912008605944095e-13
v_15 0.0999495 0.09994594257000072 3.4817272329124016e-11 5.903807713615226e-05 3.4852761787718124e-13
v_16 2.38176 2.3817131030000627 4.416665255746466e-08 8.823843492426086e-05 7.785724509545844e-13
v_17 0.0258329 0.02583162811999981 1.1192122532574511e-11 0.00012951034142223496 1.6771200761489523e-12
v_18 0.0966851 0.09668344610000207 8.98736814136658e-12 3.100731378447724e-05 9.615896967574145e-14
v_19 0.0966851 0.09668344610000207 8.98736814136658e-12 3.100731378447724e-05 9.615896967574145e-14
v_2 1.51429 1.5142879540000223 8.79897621430814e-09 6.194519212405725e-05 3.837202666723272e-13
v_20 0.0934208 0.09342095358000986 8.057617073564671e-14 3.0384984294150346e-06 9.303890990963737e-16
v_21 0.0934208 0.09342095358000986 8.057617073564671e-14 3.0384984294150346e-06 9.303890990963737e-16
v_22 0.0472348 0.0472345430199993 2.2453202491723445e-12 3.172337817399374e-05 1.0062974897806498e-13
v_23 0.0494503 0.049448901130001124 9.321295471598212e-12 6.174211358127597e-05 3.811951754251197e-13
v_24 0.0236174 0.023617273689999635 5.648738855140722e-13 3.182335666656109e-05 1.012617545370631e-13
v_25 0.0236174 0.023617273689999635 5.648738855140722e-13 3.182335666656109e-05 1.012617545370631e-13
v_26 0.0258329 0.02583162811999981 1.1192122532574511e-11 0.00012951034142223496 1.6771200761489523e-12
v_27 0.0236174 0.023617273689999635 5.648738855140722e-13 3.182335666656109e-05 1.012617545370631e-13
v_28 0.0774987 0.0774948879000001 1.006994704635944e-10 0.00012949128453119399 1.6766332877615752e-12
v_29 -3.05326 -3.0532412130000925 3.5050661040259e-08 0.0 0.0
v_3 1.41761 1.4176046579999935 8.512337945631998e-09 6.508325977464118e-05 4.2357316543117916e-13
v_30 0.0999495 0.09994594257000072 3.4817272329124016e-11 5.903807713615226e-05 3.4852761787718124e-13
v_31 -4.44089e-13 -1.705297029999998e-14 4.1693717168110815e-25 0.0 0.0
v_32 -0.0258329 -0.02583162811999981 1.1192122532574511e-11 0.0 0.0
v_33 0.0258329 0.02583162811999981 1.1192122532574511e-11 0.00012951034142223496 1.6771200761489523e-12
v_34 -3.33067e-13 2.1649170999999442e-15 2.0997507010720126e-26 66.93335535868358 0.0
v_35 8.47033e-19 8.351752679999983e-20 5.5293548578168154e-37 8.903476283277083 7.70679490245549e-05
v_36 0.0 -2.796373780000029e-16 7.731453333946648e-30 0.0 0.0
v_37 -4.33681e-16 -4.3368100000000936e-16 -1.1823455792740644e-45 0.0 0.0
v_38 0.0 -6.0073387080002445e-15 1.713116255812627e-29 0.0 0.0
v_4 1.46484 1.4648389930000636 8.557515140950045e-09 6.315154005936067e-05 3.988129604337587e-13
v_5 1.46484 1.4648389930000636 8.557515140950045e-09 6.315154005936067e-05 3.988129604337587e-13
v_6 1.46484 1.4648389930000636 8.557515140950045e-09 6.315154005936067e-05 3.988129604337587e-13
v_7 2.95331 2.953295919000087 3.412056948093323e-08 6.254623471138613e-05 3.912008605944095e-13
v_8 2.45926 2.459208306999907 4.572956768811309e-08 8.695673618983941e-05 7.56105000832008e-13
v_9 0.494049 0.49408714599999537 4.660230701336587e-09 0.0001381656717110472 1.9092654568453326e-12
