species_id wild_type mean var CV ER
ADPf 0.187128 0.18712867550000145 1.3194310088948669e-09 0.00019411227501997622 3.767982326152719e-12
AMPf 0.0722413 0.07217325687000128 1.6793490070776684e-09 0.0005677984169079739 3.2178807263250064e-11
ATPf 0.183657 0.1837671800999967 4.889387998641137e-09 0.0003805040642591753 1.4495709965700599e-11
DHAP 0.149233 0.1491457125999964 2.1440849599235756e-08 0.000981771050074121 9.627471471151949e-11
E4P 0.00627176 0.006273092576000037 5.840964593505776e-12 0.00038526591677306727 1.4849290974616735e-11
Fru16P2 0.0096835 0.009678229525000035 8.520369314062547e-11 0.0009537472359807984 9.086439269889723e-11
Fru6P 0.0153444 0.015330315109999998 4.2392973761398375e-11 0.00042471329821730443 1.8005041424462576e-11
GSH 3.11403 3.1140558949999204 5.40779865332297e-10 7.467648249599794e-06 5.559552818112934e-15
GSSG 0.000186743 0.0001722150175999971 1.3045311532572348e-10 0.06632178509851913 3.740811219672513e-07
Glc6P 0.0394896 0.039477806569999795 1.8309374047280336e-10 0.00034275494861812043 1.1741084093852549e-11
GlcA6P 0.0250543 0.026214880420000104 6.4967280544580164e-06 0.0972298158097108 1.034975671809746e-06
Glcin 4.5668 4.584521589000205 0.0018750819772250793 0.00944530763563889 8.990757326077237e-09
Glcout 5.0 5.0 0.0 0.0 0.0
GraP 0.00606287 0.006059006366999986 3.9067993225271394e-11 0.001031594796898642 1.0628319002670139e-10
Gri13P2 0.000480655 0.0004812477699999974 1.2300105306990715e-13 0.0007287619424326179 5.3240474895410726e-11
Gri23P2f 2.06123 2.0638116480000015 2.2235572911810664e-06 0.0007225270362972829 5.2335388667223984e-11
Gri2P 0.00844208 0.008449089345000002 3.7587182552620974e-11 0.0007256212355774795 5.2740088896108264e-11
Gri3P 0.0657639 0.06583587089000173 5.4801329238407526e-09 0.0011244313911749019 1.2671148339471472e-10
Lac 1.68031 1.680351643000071 1.0037877196111822e-09 1.8854749382712018e-05 3.55662610473928e-14
Lacex 1.68 1.6800000000002027 -5.471179065352771e-13 nan 0.0
MgADP 0.136822 0.13668931830000153 3.6672947213711726e-09 0.000443035297886444 1.9589980670975394e-11
MgAMP 0.00243877 0.00255092141499998 3.6261730624452022e-09 0.023606259881329687 6.096868658729271e-08
MgATP 1.41771 1.4176905609999324 1.9842421039584224e-09 3.142070190936351e-05 9.871672368433337e-14
MgGri23P2 0.687233 0.687617655699994 5.885049292331246e-08 0.000352799558533667 1.246069347704548e-11
Mgf 0.555793 0.5554514458000038 4.571989198343118e-08 0.0003849519255126234 1.480059549363588e-11
NAD 0.0653436 0.06534372645999578 6.098420379796465e-15 1.1951014711413289e-06 1.1239897901305084e-16
NADH 0.000156372 0.00015627996380000373 2.4800656478291984e-15 0.00031866053905278886 1.0142497486320679e-11
NADPHf 0.00488917 0.004889353083999998 4.972535377163398e-14 4.5607633692877244e-05 2.080313477037521e-13
NADPf 2.34376e-05 2.2973583140000082e-05 7.72995924689275e-14 0.012102075714537237 1.407184128729977e-08
P1NADP 5.73941e-06 6.016590846999985e-06 7.516417428589013e-14 0.04556747529250047 2.2817937736627768e-07
P1NADPH 0.0239453 0.0239454767500005 4.3764818158376073e-13 2.7627340225385206e-05 7.631437703992105e-14
P1f 4.89762e-05 4.850681050000013e-05 3.292360384803246e-13 0.011829079881743924 1.3725785123586131e-08
P2NADP 0.00202414 0.002018577326999986 1.1530716609209655e-10 0.005319646313980563 2.814331193223829e-09
P2NADPH 0.0211122 0.021117601350000383 1.0676115314066717e-10 0.0004892851566257681 2.3952251781977905e-11
P2f 0.000863632 0.0008638198971000076 1.6483503489694894e-13 0.000470004005245437 2.2099994434476856e-11
PEP 0.0109396 0.01094861177 1.4928164409374993e-10 0.0011159484889445407 1.2473937547330394e-10
PRPP 1.0 1.0 0.0 0.0 0.0
Phi 0.999225 0.9990813586999109 2.7488875953274317e-08 0.000165950144518891 2.753136996158645e-12
Phiex 1.0 1.0 0.0 0.0 0.0
Pyr 0.08399 0.08398688164999762 4.720337835883992e-12 2.5868728603210954e-05 6.688956055711515e-14
Pyrex 0.084 0.08399999999998085 2.8744367996935694e-15 6.382592184126526e-07 0.0
Rib5P 0.0140053 0.014005263870000027 8.065393784697367e-13 6.412413096532308e-05 4.1119023741487125e-13
Rul5P 0.00472192 0.004723155066999991 1.322365509464924e-12 0.00024346893296010887 5.930815083488028e-12
Sed7P 0.0154123 0.015431913020000122 5.064977281175626e-10 0.0014583742382952964 2.1322719603311667e-10
Xul5P 0.0127437 0.012746774230000119 8.523557700574821e-12 0.00022903937981851776 5.248434997717766e-12
v_1 1.51429 1.514324865000002 2.295010403940978e-09 3.163539605127389e-05 1.0010272610827542e-13
v_10 0.494049 0.49414755639999164 5.869665420377146e-09 0.00015504223531611315 2.404768140173985e-12
v_11 2.95331 2.9533664480000694 9.22613452303267e-09 3.25231464371645e-05 1.0579550568934337e-13
v_12 2.95331 2.9533664480000694 9.22613452303267e-09 3.25231464371645e-05 1.0579550568934337e-13
v_13 2.95331 2.9533664480000694 9.22613452303267e-09 3.25231464371645e-05 1.0579550568934337e-13
v_14 2.95331 2.9533664480000694 9.22613452303267e-09 3.25231464371645e-05 1.0579550568934337e-13
v_15 0.0999495 0.09994957783999911 1.742415413341636e-11 4.176330770165258e-05 1.74416303622138e-13
v_16 2.38176 2.3817204369999794 5.588614904183942e-09 3.138783125008432e-05 9.851819360306991e-14
v_17 0.0258329 0.0258328378599999 1.2482460811508167e-12 4.3249190937144797e-05 1.8704887638776312e-13
v_18 0.0966851 0.096685621810001 4.567582423398164e-12 2.2104530854897476e-05 4.8870174573778514e-14
v_19 0.0966851 0.096685621810001 4.567582423398164e-12 2.2104530854897476e-05 4.8870174573778514e-14
v_2 1.51429 1.514324865000002 2.295010403940978e-09 3.163539605127389e-05 1.0010272610827542e-13
v_20 0.0934208 0.0934216683500041 4.693623961715687e-13 7.333419472548153e-06 5.402100988760594e-15
v_21 0.0934208 0.0934216683500041 4.693623961715687e-13 7.333419472548153e-06 5.402100988760594e-15
v_22 0.0472348 0.04723518876000058 2.6134697704571774e-12 3.422497072437502e-05 1.1714347269986548e-13
v_23 0.0494503 0.04945043297000015 1.0500354925835342e-12 2.0722010577312774e-05 4.294666844373296e-14
v_24 0.0236174 0.02361759474999972 6.545931331702892e-13 3.4257057467636655e-05 1.1735734606332925e-13
v_25 0.0236174 0.02361759474999972 6.545931331702892e-13 3.4257057467636655e-05 1.1735734606332925e-13
v_26 0.0258329 0.0258328378599999 1.2482460811508167e-12 4.3249190937144797e-05 1.8704887638776312e-13
v_27 0.0236174 0.02361759474999972 6.545931331702892e-13 3.4257057467636655e-05 1.1735734606332925e-13
v_28 0.0774987 0.0774985137799994 1.1253570124380996e-11 4.328643174083062e-05 1.8736551199438623e-13
v_29 -3.05326 -3.0533160630001053 9.32556254440442e-09 0.0 0.0
v_3 1.41761 1.4176392989999955 2.3031603291201463e-09 3.38529361207336e-05 1.1460326021506262e-13
v_30 0.0999495 0.09994957783999911 1.742415413341636e-11 4.176330770165258e-05 1.74416303622138e-13
v_31 -4.44089e-13 -2.847610889999999e-14 4.344188375772099e-25 0.0 0.0
v_32 -0.0258329 -0.0258328378599999 1.2482460811508167e-12 0.0 0.0
v_33 0.0258329 0.0258328378599999 1.2482460811508167e-12 4.3249190937144797e-05 1.8704887638776312e-13
v_34 -3.33067e-13 5.274192700000024e-15 2.116874886737818e-26 27.586182313210667 0.0
v_35 8.47033e-19 -7.048762500000076e-21 6.1228025530939844e-37 0.0 8.533940164504916e-05
v_36 0.0 8.982903999999915e-17 7.429714289359542e-30 30.343753256741014 0.0
v_37 -4.33681e-16 2.3514458499999857e-17 4.351434281419536e-31 28.053124061781492 0.0
v_38 0.0 3.199353890000016e-16 6.768514281235823e-29 25.714873572991163 0.0
v_4 1.46484 1.4648744110000758 2.306265844964628e-09 3.278342251801593e-05 1.07490771839025e-13
v_5 1.46484 1.4648744110000758 2.306265844964628e-09 3.278342251801593e-05 1.07490771839025e-13
v_6 1.46484 1.4648744110000758 2.306265844964628e-09 3.278342251801593e-05 1.07490771839025e-13
v_7 2.95331 2.9533664480000694 9.22613452303267e-09 3.25231464371645e-05 1.0579550568934337e-13
v_8 2.45926 2.4592187419999734 5.540421454952593e-09 3.0267339017401246e-05 9.161250646982921e-14
v_9 0.494049 0.49414755639999164 5.869665420377146e-09 0.00015504223531611315 2.404768140173985e-12
