species_id wild_type mean var CV ER
ADPf 0.187128 0.18667428059999688 1.6601342252287044e-07 0.0021826651547821887 4.740952987414282e-10
AMPf 0.0722413 0.07198144143000065 4.1378056988596035e-08 0.002825950221293187 7.928645274990487e-10
ATPf 0.183657 0.18405041830000182 6.544232456634491e-08 0.0013899287874771446 1.9401876916180782e-10
DHAP 0.149233 0.14917696809999798 1.4028406859073472e-07 0.002510743807877379 6.29910157812219e-10
E4P 0.00627176 0.006097677380000031 6.235400607236779e-09 0.012949939449364975 1.585205239338361e-08
Fru16P2 0.0096835 0.009587446799000055 7.340363428415611e-09 0.008936260376016787 7.828036627066659e-09
Fru6P 0.0153444 0.015525246019999972 4.403233861566009e-09 0.004274126631749912 1.870130572179107e-09
GSH 3.11403 3.114071611999592 4.558806665500015e-10 6.8564133491847245e-06 4.6748160897891466e-15
GSSG 0.000186743 0.00016430605920000394 1.154036461594254e-10 0.06538169657730565 3.3092598308306354e-07
Glc6P 0.0394896 0.03996200270999986 3.4334595056841055e-08 0.00463680380223236 2.20174216982727e-09
GlcA6P 0.0250543 0.028649942150000187 5.880812359075507e-06 0.08464375312637444 9.368558559160078e-07
Glcin 4.5668 4.975796599999927 0.04036845637572384 0.040379269000205824 1.9356113419330968e-07
Glcout 5.0 5.0 0.0 0.0 0.0
GraP 0.00606287 0.006079449532000058 1.820343698572132e-10 0.0022192817398581765 4.952185299389455e-10
Gri13P2 0.000480655 0.00048165823379999937 8.727930937436252e-13 0.0019396200362929135 3.777847058517025e-10
Gri23P2f 2.06123 2.0657106319999743 2.1976223865571853e-05 0.0022693790977280385 5.172495967986634e-10
Gri2P 0.00844208 0.008521800887999937 3.1844583243674333e-09 0.006621957698062647 4.468241546495832e-09
Gri3P 0.0657639 0.06618018824000016 9.291298037374107e-08 0.004605854320719114 2.148331376017332e-09
Lac 1.68031 1.6768456769996785 7.492279995968687e-06 0.001632352331957744 2.6535978865371847e-10
Lacex 1.68 1.6800000000002027 -5.471179065352771e-13 nan 0.0
MgADP 0.136822 0.1366162207999977 3.9354858545614935e-08 0.0014521012876922662 2.1022602404441315e-10
MgAMP 0.00243877 0.002352689938000001 5.089450154818794e-09 0.03032290027026529 8.557150638561772e-08
MgATP 1.41771 1.4183250019999827 3.1170459680041063e-07 0.0003936369379810681 1.5508444040079893e-11
MgGri23P2 0.687233 0.6877222983999982 6.521713775131666e-07 0.0011742694473021727 1.380872948653078e-10
Mgf 0.555793 0.5549838475999956 4.508320499141405e-07 0.0012098375171326543 1.4594480339802373e-10
NAD 0.0653436 0.06534401360000226 4.945609893836078e-14 3.403330468651853e-06 1.1613154882184063e-15
NADH 0.000156372 0.00015598296830000266 4.759509187283448e-14 0.0013986334290110479 1.946454239787343e-10
NADPHf 0.00488917 0.0048893361999999265 2.037730979776147e-13 9.232589425531064e-05 8.524694505851471e-13
NADPf 2.34376e-05 2.3472983680000033e-05 7.769514059685353e-14 0.011874863649766663 1.414384801112778e-08
P1NADP 5.73941e-06 5.523458020000025e-06 4.3214163903209475e-14 0.03763587347250259 1.311872458744312e-07
P1NADPH 0.0239453 0.023943267849998888 1.543285681540607e-12 5.188475131426816e-05 2.6915827344708987e-13
P1f 4.89762e-05 5.120763226999897e-05 1.2320184636525374e-12 0.02167573898858424 5.136260532998538e-08
P2NADP 0.00202414 0.002069112705000012 6.189266755391462e-10 0.012023625840213452 1.5106300046041633e-08
P2NADPH 0.0211122 0.021069287170000017 5.641858529296072e-10 0.0011273564487573346 1.265771221614642e-10
P2f 0.000863632 0.0008616014777999961 1.3762456333229486e-12 0.0013615749157573605 1.8451790197993034e-10
PEP 0.0109396 0.010939032839999953 9.809506165814178e-09 0.00905408664229239 8.19679850299071e-09
PRPP 1.0 1.0 0.0 0.0 0.0
Phi 0.999225 1.000012553899943 5.336267057121091e-07 0.0007304884035847957 5.3445470538093786e-11
Phiex 1.0 1.0 0.0 0.0 0.0
Pyr 0.08399 0.08399006299000368 2.0506079473348038e-13 5.391547194528969e-06 2.9326985284683362e-15
Pyrex 0.084 0.08399999999998085 2.8744367996935694e-15 6.382592184126526e-07 0.0
Rib5P 0.0140053 0.013841544569999923 2.1095040380545967e-08 0.010493143811466526 1.0754631365872402e-08
Rul5P 0.00472192 0.0046444421759999875 3.03711486628809e-09 0.011865800673039151 1.362146967385236e-08
Sed7P 0.0154123 0.015218682270000073 3.813163590747149e-08 0.012831152560494663 1.6052790200005162e-08
Xul5P 0.0127437 0.012609156269999979 1.018194221486966e-08 0.008002566409874134 6.2695958981229265e-09
v_1 1.51429 1.5140304569999985 4.4869830517768605e-08 0.00013990801754847857 1.9567594655711673e-12
v_10 0.494049 0.49412128719999526 7.256922757159501e-09 0.00017240215341165542 2.9731234807428562e-12
v_11 2.95331 2.9533861699999613 1.0281144824375588e-08 3.4332110492904766e-05 1.1788461318218423e-13
v_12 2.95331 2.9533861699999613 1.0281144824375588e-08 3.4332110492904766e-05 1.1788461318218423e-13
v_13 2.95331 2.9533861699999613 1.0281144824375588e-08 3.4332110492904766e-05 1.1788461318218423e-13
v_14 2.95331 2.9533861699999613 1.0281144824375588e-08 3.4332110492904766e-05 1.1788461318218423e-13
v_15 0.0999495 0.09995293145000109 8.644660161316597e-11 9.302044798239037e-05 8.65337446143144e-13
v_16 2.38176 2.382860977999985 9.42251388913462e-07 0.00040736591485649685 1.66100399656699e-11
v_17 0.0258329 0.02546793212000018 8.394303189021308e-08 0.011376237283952447 1.257877432893073e-08
v_18 0.0966851 0.09668538832000045 2.100649341973959e-11 4.740410324675764e-05 2.2472441685295053e-13
v_19 0.0966851 0.09668538832000045 2.100649341973959e-11 4.740410324675764e-05 2.2472441685295053e-13
v_2 1.51429 1.5140304569999985 4.4869830517768605e-08 0.00013990801754847857 1.9567594655711673e-12
v_20 0.0934208 0.09341784102000064 9.180926852092597e-12 3.24349652909065e-05 1.0519629611849268e-13
v_21 0.0934208 0.09341784102000064 9.180926852092597e-12 3.24349652909065e-05 1.0519629611849268e-13
v_22 0.0472348 0.04747830388999999 3.728493492291887e-08 0.004066974963144618 1.6711261209723106e-09
v_23 0.0494503 0.0492070847799996 3.732613841319135e-08 0.003926258545040417 1.5264240501355886e-09
v_24 0.0236174 0.023739153630000114 9.321189998350889e-09 0.004066965133959526 1.67111828430766e-09
v_25 0.0236174 0.023739153630000114 9.321189998350889e-09 0.004066965133959526 1.67111828430766e-09
v_26 0.0258329 0.02546793212000018 8.394303189021308e-08 0.011376237283952447 1.257877432893073e-08
v_27 0.0236174 0.023739153630000114 9.321189998350889e-09 0.004066965133959526 1.67111828430766e-09
v_28 0.0774987 0.07640379600000002 7.554850884059286e-07 0.011376220784078905 1.2578737720425614e-08
v_29 -3.05326 -3.0533391049999867 1.0624688684401917e-08 0.0 0.0
v_3 1.41761 1.4173450630000075 4.480490067848564e-08 0.00014934378850928062 2.2295228774282804e-12
v_30 0.0999495 0.09995293145000109 8.644660161316597e-11 9.302044798239037e-05 8.65337446143144e-13
v_31 -4.44089e-13 -2.9072707000000385e-15 4.96105874539997e-25 0.0 0.0
v_32 -0.0258329 -0.02546793212000018 8.394303189021308e-08 0.0 0.0
v_33 0.0258329 0.02546793212000018 8.394303189021308e-08 0.011376237283952447 1.257877432893073e-08
v_34 -3.33067e-13 6.004209999999929e-17 2.368404901829746e-26 2563.1386657595335 0.0
v_35 8.47033e-19 -2.4271548999999707e-21 5.70462078217769e-37 0.0 7.951079917103775e-05
v_36 0.0 4.771157800000008e-17 1.0086207926448095e-29 66.56411739971658 0.0
v_37 -4.33681e-16 -4.620179699999971e-18 5.199058804815712e-31 0.0 0.0
v_38 0.0 1.1377466200000016e-16 7.538734905898195e-29 76.31390586281243 0.0
v_4 1.46484 1.4648234040000179 1.692239237627291e-09 2.808313645191556e-05 7.886468145201775e-14
v_5 1.46484 1.4648234040000179 1.692239237627291e-09 2.808313645191556e-05 7.886468145201775e-14
v_6 1.46484 1.4648234040000179 1.692239237627291e-09 2.808313645191556e-05 7.886468145201775e-14
v_7 2.95331 2.9533861699999613 1.0281144824375588e-08 3.4332110492904766e-05 1.1788461318218423e-13
v_8 2.45926 2.459264768000047 2.249644470708745e-08 6.098902017671359e-05 3.71974917534601e-13
v_9 0.494049 0.49412128719999526 7.256922757159501e-09 0.00017240215341165542 2.9731234807428562e-12
