species_id wild_type mean var CV ER
ADPf 0.187128 0.18712041489999817 2.0963759894687684e-09 0.0002446884200391742 5.98676419549804e-12
AMPf 0.0722413 0.07222855972000071 1.3787880247251305e-09 0.0005140907580592292 2.6419614984618533e-11
ATPf 0.183657 0.18367624839999966 1.3683932709174229e-08 0.0006368724531647217 4.056915037242703e-11
DHAP 0.149233 0.14914751859999886 1.0241016253770274e-08 0.0006785088167768541 4.59846953404508e-11
E4P 0.00627176 0.006268625571000037 3.2433337089697416e-12 0.0002872919704312771 8.245419236274643e-12
Fru16P2 0.0096835 0.009666522665999757 1.2736488324779655e-10 0.0011674937849176482 1.358266426110255e-10
Fru6P 0.0153444 0.015342759879999503 3.148927863252937e-11 0.00036574455361587703 1.3374040475078175e-11
GSH 3.11403 3.114038813999957 4.962803501484814e-10 7.15384487459524e-06 5.064260122367159e-15
GSSG 0.000186743 0.00018056981470000247 1.1862907839589048e-10 0.06031848512491694 3.4017507847979854e-07
Glc6P 0.0394896 0.039489536790000446 1.0488346779621849e-10 0.00025934117821031647 6.725770174131895e-12
GlcA6P 0.0250543 0.023172490150000148 7.878522100954926e-07 0.0383044889626621 1.255105437126036e-07
Glcin 4.5668 4.5530951270000015 0.0003577076251453093 0.004153912794952531 1.7151583289742866e-09
Glcout 5.0 5.0 0.0 0.0 0.0
GraP 0.00606287 0.0060608213020000475 1.7050950793439865e-11 0.000681306953052517 4.638654605981785e-11
Gri13P2 0.000480655 0.00048052656330000706 1.480451287317631e-13 0.0008007181276238543 6.408069752605883e-11
Gri23P2f 2.06123 2.061696566999973 8.80255526514162e-06 0.001439062421172299 2.071838298922657e-10
Gri2P 0.00844208 0.008431736777999873 9.882463167839705e-11 0.001179004769355989 1.3866481065605285e-10
Gri3P 0.0657639 0.06569769340999815 4.110219862379916e-09 0.0009758485130237048 9.503638179753083e-11
Lac 1.68031 1.680301810999999 7.134826063293076e-11 5.026948078597742e-06 2.560174294785611e-15
Lacex 1.68 1.6800000000002027 -5.471179065352771e-13 nan 0.0
MgADP 0.136822 0.13679943889999296 5.997343063141036e-09 0.0005661025746458744 3.2036638863974787e-11
MgAMP 0.00243877 0.002492539749000061 2.4479453693859154e-09 0.01984992032574738 4.115854688162557e-08
MgATP 1.41771 1.4176827789999862 9.974513659471995e-09 7.044769710046291e-05 4.962734667657287e-13
MgGri23P2 0.687233 0.6873016170000064 2.632121893220152e-07 0.0007464584404270785 5.5731163906003187e-11
Mgf 0.555793 0.5557235796999876 1.4903715134240159e-07 0.0006946858389129615 4.8246775607996285e-11
NAD 0.0653436 0.06534352019000471 1.19522447494802e-15 5.290810560847394e-07 7.556177905598815e-17
NADH 0.000156372 0.00015647653169999367 3.178044652255608e-15 0.00036027222856748235 1.2996962128752898e-11
NADPHf 0.00488917 0.004889171508999897 5.475232829513059e-14 4.7859264890691606e-05 2.2904533825141013e-13
NADPf 2.34376e-05 2.3541997250000522e-05 4.56061409934774e-15 0.0028685891943471815 8.30227380288484e-10
P1NADP 5.73941e-06 6.065659770000036e-06 2.9825319075106223e-14 0.028471772358912063 9.054210733425716e-08
P1NADPH 0.0239453 0.02394484198000044 9.839123873284228e-14 1.3099847467295788e-05 1.71897274192645e-14
P1f 4.89762e-05 4.910236092999912e-05 5.2542056690251e-14 0.004668218335250292 2.190467914675587e-09
P2NADP 0.00202414 0.0020246737139999653 3.173210058126199e-11 0.002782238567798327 7.744934116704627e-10
P2NADPH 0.0211122 0.021111713519999322 2.9576303808408894e-11 0.00025760154612779716 6.635532656673604e-12
P2f 0.000863632 0.0008636111377000146 3.960936633751796e-14 0.00023045212266303025 5.3105690178689716e-12
PEP 0.0109396 0.010923406579999772 2.413998937810663e-10 0.0014223629739941032 2.0171313623862374e-10
PRPP 1.0 1.0 0.0 0.0 0.0
Phi 0.999225 0.9992017416001642 4.987995572136583e-10 2.2351663330325113e-05 4.998360614294484e-14
Phiex 1.0 1.0 0.0 0.0 0.0
Pyr 0.08399 0.08398981894001045 5.0856888145212054e-14 2.6850244600035824e-06 7.449707517537263e-16
Pyrex 0.084 0.08399999999998085 2.8744367996935694e-15 6.382592184126526e-07 0.0
Rib5P 0.0140053 0.014005620870000044 5.04842315954962e-13 5.0731243691640705e-05 2.5737634246070227e-13
Rul5P 0.00472192 0.004721037388000071 4.480615673678554e-13 0.00014178536549473475 2.0095622499383127e-12
Sed7P 0.0154123 0.015415529810000408 2.6036741697117033e-10 0.0010467304588242586 1.0961040042278824e-10
Xul5P 0.0127437 0.012740952719999817 3.4469604633709933e-12 0.00014571902171286446 2.122488218514462e-12
v_1 1.51429 1.5143022819999759 5.018391036060166e-09 4.6781018466926784e-05 2.188556225135585e-13
v_10 0.494049 0.49411445620001476 5.050461104882942e-09 0.0001438261831335136 2.069145499383751e-12
v_11 2.95331 2.9533206009998887 2.0030039848961678e-08 4.792148987934339e-05 2.296384860045464e-13
v_12 2.95331 2.9533206009998887 2.0030039848961678e-08 4.792148987934339e-05 2.296384860045464e-13
v_13 2.95331 2.9533206009998887 2.0030039848961678e-08 4.792148987934339e-05 2.296384860045464e-13
v_14 2.95331 2.9533206009998887 2.0030039848961678e-08 4.792148987934339e-05 2.296384860045464e-13
v_15 0.0999495 0.09994922454999904 2.196851381364162e-11 4.689439203152116e-05 2.1990432808038917e-13
v_16 2.38176 2.381706988999995 2.7988134476686355e-08 7.024228727134715e-05 4.933627395509177e-13
v_17 0.0258329 0.025832911480000074 1.3237926380083032e-12 4.453860650401865e-05 1.9837234077613174e-13
v_18 0.0966851 0.09668519651999898 5.714241579912738e-12 2.472403297841041e-05 6.112961248305737e-14
v_19 0.0966851 0.09668519651999898 5.714241579912738e-12 2.472403297841041e-05 6.112961248305737e-14
v_2 1.51429 1.5143022819999759 5.018391036060166e-09 4.6781018466926784e-05 2.188556225135585e-13
v_20 0.0934208 0.09342117509000872 4.345673126904259e-13 7.056400181930666e-06 5.023426119521446e-15
v_21 0.0934208 0.09342117509000872 4.345673126904259e-13 7.056400181930666e-06 5.023426119521446e-15
v_22 0.0472348 0.04723485571000073 3.4660473276215686e-12 3.941437563163506e-05 1.553586592706324e-13
v_23 0.0494503 0.049450340419999406 1.057012550403913e-12 2.0790780162605002e-05 4.3227021961911305e-14
v_24 0.0236174 0.023617427549999716 8.669432359498241e-13 3.942418639643964e-05 1.5542644948851604e-13
v_25 0.0236174 0.023617427549999716 8.669432359498241e-13 3.942418639643964e-05 1.5542644948851604e-13
v_26 0.0258329 0.025832911480000074 1.3237926380083032e-12 4.453860650401865e-05 1.9837234077613174e-13
v_27 0.0236174 0.023617427549999716 8.669432359498241e-13 3.942418639643964e-05 1.5542644948851604e-13
v_28 0.0774987 0.07749873806000053 1.1957906019544051e-11 4.4620346362119876e-05 1.9909562887221456e-13
v_29 -3.05326 -3.0532693039999246 2.0237049369598026e-08 0.0 0.0
v_3 1.41761 1.4176166779999182 4.9629345078017195e-09 4.969474404808154e-05 2.469462190290983e-13
v_30 0.0999495 0.09994922454999904 2.196851381364162e-11 4.689439203152116e-05 2.1990432808038917e-13
v_31 -4.44089e-13 8.679718919999816e-14 3.9601256692008946e-25 7.250180561104623 0.0
v_32 -0.0258329 -0.025832911480000074 1.3237926380083032e-12 0.0 0.0
v_33 0.0258329 0.025832911480000074 1.3237926380083032e-12 4.453860650401865e-05 1.9837234077613174e-13
v_34 -3.33067e-13 8.437635999999993e-16 2.1143232941992643e-26 172.33159647622048 0.0
v_35 8.47033e-19 1.2044814169999778e-19 5.609001242129656e-37 6.217884693697922 7.817805746289011e-05
v_36 0.0 -2.1579974900000116e-16 7.216598379866096e-30 0.0 0.0
v_37 -4.33681e-16 -4.3368100000000936e-16 -1.1823455792740644e-45 0.0 0.0
v_38 0.0 -5.3536978340003174e-15 1.6412984776580285e-29 0.0 0.0
v_4 1.46484 1.4648518599999234 5.015738935298941e-09 4.834747027242786e-05 2.337446458611225e-13
v_5 1.46484 1.4648518599999234 5.015738935298941e-09 4.834747027242786e-05 2.337446458611225e-13
v_6 1.46484 1.4648518599999234 5.015738935298941e-09 4.834747027242786e-05 2.337446458611225e-13
v_7 2.95331 2.9533206009998887 2.0030039848961678e-08 4.792148987934339e-05 2.296384860045464e-13
v_8 2.45926 2.4592056030001093 2.817110100750142e-08 6.825069383333854e-05 4.658149532765777e-13
v_9 0.494049 0.49411445620001476 5.050461104882942e-09 0.0001438261831335136 2.069145499383751e-12
