species_id wild_type mean var CV ER
ADPf 0.187128 0.1866756613000004 6.589048030108957e-08 0.0013750662987431742 1.8816772028307228e-10
AMPf 0.0722413 0.07212379573999946 3.602842456318367e-08 0.002631746543337634 6.90357686461418e-10
ATPf 0.183657 0.18380973549999705 3.409820292787913e-08 0.0010046093952216972 1.0109193457896736e-10
DHAP 0.149233 0.14938067969999927 2.0481386177328975e-07 0.0030295996500323027 9.1966488546813e-10
E4P 0.00627176 0.006689946922999965 2.0458341892993408e-08 0.02138023842014094 5.201056483392641e-08
Fru16P2 0.0096835 0.009697122230000008 4.3534938034514884e-09 0.006804184722626579 4.642727745785003e-09
Fru6P 0.0153444 0.015361599640000284 4.7107120887987346e-09 0.004467934921145569 2.0007219625695073e-09
GSH 3.11403 3.113951031000026 2.3381545588563313e-09 1.5528332766273125e-05 2.409523691682125e-14
GSSG 0.000186743 0.0002243201883999962 5.741305345092531e-10 0.10681616006138543 1.6463492954456704e-06
Glc6P 0.0394896 0.03946001738000032 2.740084494305857e-08 0.004194929875538686 1.7571081179612592e-09
GlcA6P 0.0250543 0.028151335270000067 7.090465238262806e-06 0.09458850623302309 1.1295622907256497e-06
Glcin 4.5668 4.573823498999927 0.01181433801423637 0.02376431468335034 5.664810772654239e-08
Glcout 5.0 5.0 0.0 0.0 0.0
GraP 0.00606287 0.006062088271999955 1.4686361929507714e-10 0.0019991015568654306 3.995376512522242e-10
Gri13P2 0.000480655 0.0004797479737000009 2.4479262448570743e-13 0.0010313023685431908 1.0595742740981961e-10
Gri23P2f 2.06123 2.0615456330000392 1.6537136851013656e-06 0.0006237882755439885 3.89231031849846e-11
Gri2P 0.00844208 0.008377302496999963 5.0438147363687964e-09 0.008477647708949472 7.077179312164894e-09
Gri3P 0.0657639 0.06579870780999983 2.435057867324064e-08 0.002371577265187638 5.630334073192244e-10
Lac 1.68031 1.6781765800002024 5.136818367557083e-06 0.001350546211399275 1.819346581277692e-10
Lacex 1.68 1.6800000000002027 -5.471179065352771e-13 nan 0.0
MgADP 0.136822 0.13694368169999882 3.3185734230056774e-08 0.0013302513728509918 1.772717567849469e-10
MgAMP 0.00243877 0.0023747711470000375 3.831948798508257e-08 0.0824305286423936 6.44284983871457e-07
MgATP 1.41771 1.4180723529999946 3.242297839101127e-07 0.0004015393054108247 1.6131618929549064e-11
MgGri23P2 0.687233 0.6871365695000001 1.12931503981617e-07 0.0004890626464508432 2.391151598946095e-11
Mgf 0.555793 0.5554726238000062 1.393013068229365e-07 0.0006719159267847872 4.509507123273693e-11
NAD 0.0653436 0.06534375258999607 7.437887111771957e-14 4.173695101050688e-06 1.737010535407535e-15
NADH 0.000156372 0.0001562487468999923 6.741553647185729e-14 0.0016617414556531745 2.7570332219450933e-10
NADPHf 0.00488917 0.004889916838000047 8.74876817584351e-14 6.048838387086921e-05 3.660076908218457e-13
NADPf 2.34376e-05 2.2981298890000056e-05 5.796446223264783e-14 0.010476261596413032 1.0552018281084763e-08
P1NADP 5.73941e-06 5.8801428239999815e-06 1.543399595230205e-13 0.06681151443468827 4.6853698855156003e-07
P1NADPH 0.0239453 0.023944953619998665 3.5985797675053277e-13 2.5052528609451452e-05 6.275693298363194e-14
P1f 4.89762e-05 4.916902763000013e-05 4.2356260520494853e-13 0.013236317793799947 1.7658240979190332e-08
P2NADP 0.00202414 0.001997397730000002 2.5160361289663967e-10 0.007941341724003704 6.140953069910804e-09
P2NADPH 0.0211122 0.021138873849999813 2.3820742280815724e-10 0.000730122610967725 5.3442685166160685e-11
P2f 0.000863632 0.0008637289936000085 2.6474373050781934e-13 0.0005957106218738143 3.549508509337329e-11
PEP 0.0109396 0.010796893839999901 3.532579517276336e-08 0.017407930415482054 2.9518144962881186e-08
PRPP 1.0 1.0 0.0 0.0 0.0
Phi 0.999225 0.9991510075000036 5.918597463239195e-07 0.000769977919529018 5.927782942283244e-11
Phiex 1.0 1.0 0.0 0.0 0.0
Pyr 0.08399 0.08398770111999347 5.042936554455757e-13 8.455242309402062e-06 7.144551616988793e-15
Pyrex 0.084 0.08399999999998085 2.8744367996935694e-15 6.382592184126526e-07 0.0
Rib5P 0.0140053 0.013996715349999954 1.8992490531178404e-08 0.009846113297034572 9.68271360195505e-09
Rul5P 0.00472192 0.004759474779000025 2.0094028942967016e-09 0.009418342550872571 9.012178268230642e-09
Sed7P 0.0154123 0.017758520389999994 7.136552571443931e-07 0.047570471546185704 3.004371001471773e-07
Xul5P 0.0127437 0.012945417430000026 2.746107399164083e-08 0.012800964705886831 1.6909331562553477e-08
v_1 1.51429 1.5143384270000118 5.742407260811433e-08 0.0001582428339913551 2.5042405260577994e-12
v_10 0.494049 0.4940495797999992 2.647265462396575e-10 3.293276632141603e-05 1.084551559671354e-13
v_11 2.95331 2.9532954420000315 1.7502745919273366e-08 4.479671822330508e-05 2.0067367767495626e-13
v_12 2.95331 2.9532954420000315 1.7502745919273366e-08 4.479671822330508e-05 2.0067367767495626e-13
v_13 2.95331 2.9532954420000315 1.7502745919273366e-08 4.479671822330508e-05 2.0067367767495626e-13
v_14 2.95331 2.9532954420000315 1.7502745919273366e-08 4.479671822330508e-05 2.0067367767495626e-13
v_15 0.0999495 0.0999497710100012 1.9893945865656626e-11 4.462504452585282e-05 1.9914185855895993e-13
v_16 2.38176 2.382242096999962 8.503258319692009e-07 0.00038708540041126075 1.4989568142276255e-11
v_17 0.0258329 0.025667935789999978 9.376618160248425e-08 0.011929772758480199 1.4050762894424196e-08
v_18 0.0966851 0.0978044750199987 2.82209289234267e-07 0.005431589326064479 3.0189241579048343e-09
v_19 0.0966851 0.0978044750199987 2.82209289234267e-07 0.005431589326064479 3.0189241579048343e-09
v_2 1.51429 1.5143384270000118 5.742407260811433e-08 0.0001582428339913551 2.5042405260577994e-12
v_20 0.0934208 0.09565918030000078 1.1288945927986904e-06 0.011107083616145484 1.2934993921076555e-08
v_21 0.0934208 0.09565918030000078 1.1288945927986904e-06 0.011107083616145484 1.2934993921076555e-08
v_22 0.0472348 0.04809102423000012 2.3938886842701096e-07 0.010173911353906365 1.0729507564155583e-08
v_23 0.0494503 0.04971344904000076 3.6885886623740094e-08 0.00386328029270495 1.5084202920290224e-09
v_24 0.0236174 0.024045512839999988 5.984731648786806e-08 0.010173919494446309 1.0729525379193916e-08
v_25 0.0236174 0.024045512839999988 5.984731648786806e-08 0.010173919494446309 1.0729525379193916e-08
v_26 0.0258329 0.025667935789999978 9.376618160248425e-08 0.011929772758480199 1.4050762894424196e-08
v_27 0.0236174 0.024045512839999988 5.984731648786806e-08 0.010173919494446309 1.0729525379193916e-08
v_28 0.0774987 0.0770038099800004 8.438933428020143e-07 0.011929756156314178 1.4050724741609955e-08
v_29 -3.05326 -3.0532452410000257 1.752829348333762e-08 0.0 0.0
v_3 1.41761 1.4165337789999757 3.7660400042938136e-07 0.00043322701384373487 1.874007209412554e-11
v_30 0.0999495 0.0999497710100012 1.9893945865656626e-11 4.462504452585282e-05 1.9914185855895993e-13
v_31 -4.44089e-13 -1.0901891999999995e-14 4.402256352481955e-25 0.0 0.0
v_32 -0.0258329 -0.025667935789999978 9.376618160248425e-08 0.0 0.0
v_33 0.0258329 0.025667935789999978 9.376618160248425e-08 0.011929772758480199 1.4050762894424196e-08
v_34 -3.33067e-13 -3.2783425999999904e-15 2.0279799379394805e-26 0.0 0.0
v_35 8.47033e-19 -3.69052889999998e-21 5.407883299672206e-37 0.0 7.537488281850538e-05
v_36 0.0 -5.852122499999988e-17 8.365556314948997e-30 0.0 0.0
v_37 -4.33681e-16 1.1937450200000059e-17 4.322583843701662e-31 55.07571451681345 0.0
v_38 0.0 1.1209138600000047e-16 6.557373866934529e-29 72.24249450262887 0.0
v_4 1.46484 1.464624987000023 1.8941307633468796e-08 9.396768762147365e-05 8.827402475652946e-13
v_5 1.46484 1.464624987000023 1.8941307633468796e-08 9.396768762147365e-05 8.827402475652946e-13
v_6 1.46484 1.464624987000023 1.8941307633468796e-08 9.396768762147365e-05 8.827402475652946e-13
v_7 2.95331 2.9532954420000315 1.7502745919273366e-08 4.479671822330508e-05 2.0067367767495626e-13
v_8 2.45926 2.4592457509999743 1.7252169470793888e-08 5.3409674119282385e-05 2.8526511153259547e-13
v_9 0.494049 0.4940495797999992 2.647265462396575e-10 3.293276632141603e-05 1.084551559671354e-13
