species_id wild_type mean var CV ER
ADPf 0.187128 0.18727609050000354 5.990382821730034e-09 0.0004132805378565633 1.7107128535975845e-11
AMPf 0.0722413 0.07238751622000078 2.9326095865936375e-09 0.0007481065371028748 5.619311931326365e-11
ATPf 0.183657 0.18359794250000006 5.035208153203463e-09 0.0003864923520264664 1.49280298455956e-11
DHAP 0.149233 0.14950585399999924 1.5538302911705104e-08 0.0008337648722367131 6.977082074310915e-11
E4P 0.00627176 0.006273300280999978 1.3568465666617072e-11 0.0005871773489703455 3.4494659484352043e-11
Fru16P2 0.0096835 0.00967651698399991 1.5374807153865737e-10 0.0012814031148634575 1.639626610261402e-10
Fru6P 0.0153444 0.015337633780000286 1.134093477223215e-10 0.000694330211362829 4.816694177955938e-11
GSH 3.11403 3.114067900999996 8.509868365536022e-10 9.367707962573326e-06 8.759126757240665e-15
GSSG 0.000186743 0.00016602238659999956 2.1592481375410042e-10 0.08850842736915883 6.191756815407068e-07
Glc6P 0.0394896 0.03945736980999966 9.872602336341574e-10 0.0007963201218699611 6.330910188312444e-11
GlcA6P 0.0250543 0.020132144379999672 9.421541085814084e-06 0.15246527338996183 1.5009194987118834e-06
Glcin 4.5668 4.449047019999877 0.0057505821097727505 0.017044682225352905 2.757324145656881e-08
Glcout 5.0 5.0 0.0 0.0 0.0
GraP 0.00606287 0.006068626697000015 3.195397994191747e-11 0.0009314768285050791 8.692974999835457e-11
Gri13P2 0.000480655 0.0004806937876999913 2.233162552240464e-13 0.0009830863335818347 9.666147053888352e-11
Gri23P2f 2.06123 2.0617360389999804 6.442749046264851e-06 0.0012311261190948591 1.516415796931625e-10
Gri2P 0.00844208 0.008414551204000035 1.303350776642783e-10 0.001356749593106165 1.828783918633725e-10
Gri3P 0.0657639 0.06568975890999917 2.532053973609838e-09 0.0007660177118676837 5.854607288968694e-11
Lac 1.68031 1.6800451260001537 6.450050715756106e-09 4.780360153428587e-05 2.2846698977119215e-13
Lacex 1.68 1.6800000000002027 -5.471179065352771e-13 nan 0.0
MgADP 0.136822 0.1369419581000011 1.886046447491241e-09 0.00031713170209891374 1.0074892542455416e-11
MgAMP 0.00243877 0.002398478859999963 1.048063400941392e-09 0.013497641304404964 1.7621621441199496e-08
MgATP 1.41771 1.4173978410000148 3.0812030704652216e-08 0.0001238421246137265 1.5330085978426667e-12
MgGri23P2 0.687233 0.6874128603999988 1.805615412187045e-07 0.0006181515658646597 3.823113734480188e-11
Mgf 0.555793 0.5558486647999965 6.97628695922603e-08 0.00047517720796701245 2.2583862002711896e-11
NAD 0.0653436 0.0653435350500038 1.7963061593739837e-15 6.486158447506711e-07 9.204859097167172e-17
NADH 0.000156372 0.00015645352169998036 2.750652059908871e-15 0.0003352219791375094 1.1249055686946008e-11
NADPHf 0.00488917 0.004889061077999896 5.125835465715628e-14 4.630808992570303e-05 2.1442922992775948e-13
NADPf 2.34376e-05 2.3184414520000285e-05 3.7512301180072526e-14 0.008353927853101331 6.828847755468992e-09
P1NADP 5.73941e-06 5.533288043000066e-06 9.732971159080833e-14 0.05638186529304105 2.9546832917872746e-07
P1NADPH 0.0239453 0.023945614560000123 2.7139184996527455e-13 2.1755667519827436e-05 4.732541025731507e-14
P1f 4.89762e-05 4.884818804999918e-05 5.925494606057395e-14 0.004983263416728973 2.4703269470016663e-09
P2NADP 0.00202414 0.0020323941420000166 1.4129503379723578e-10 0.005848648406066954 3.448623656887584e-09
P2NADPH 0.0211122 0.021104207670000395 1.335755873857307e-10 0.0005476391586086295 2.9968171022520805e-11
P2f 0.000863632 0.0008633973872999908 1.8990854971828231e-13 0.0005047328002968847 2.5461681685268188e-11
PEP 0.0109396 0.010904939789999894 2.6885986920957214e-10 0.0015036256287132227 2.2465862279386074e-10
PRPP 1.0 1.0 0.0 0.0 0.0
Phi 0.999225 0.9987146113000163 6.124638629589896e-08 0.0002477985900303143 6.134161489868007e-12
Phiex 1.0 1.0 0.0 0.0 0.0
Pyr 0.08399 0.08399149221000302 7.544555258309771e-13 1.0341452101997429e-05 1.0724710008958027e-14
Pyrex 0.084 0.08399999999998085 2.8744367996935694e-15 6.382592184126526e-07 0.0
Rib5P 0.0140053 0.01400738526999988 1.224435781715591e-12 7.899706066007653e-05 6.242355743424355e-13
Rul5P 0.00472192 0.004725497617999941 2.463998846808941e-12 0.0003321794039898082 1.1051042103638054e-11
Sed7P 0.0154123 0.015415664209999971 2.5402103657297045e-10 0.0010338858706131844 1.0693867324995665e-10
Xul5P 0.0127437 0.012752823640000072 1.7273526223748545e-11 0.0003258998405594055 1.0636280745046634e-11
v_1 1.51429 1.5143064799999661 3.646881907570787e-09 3.987925802036505e-05 1.5904582095771501e-13
v_10 0.494049 0.49460234389999885 9.171368206550845e-08 0.0006122952561130472 3.75745756509005e-11
v_11 2.95331 2.953329799000081 1.4602116849005142e-08 4.0916263074607894e-05 1.6742540687175734e-13
v_12 2.95331 2.953329799000081 1.4602116849005142e-08 4.0916263074607894e-05 1.6742540687175734e-13
v_13 2.95331 2.953329799000081 1.4602116849005142e-08 4.0916263074607894e-05 1.6742540687175734e-13
v_14 2.95331 2.953329799000081 1.4602116849005142e-08 4.0916263074607894e-05 1.6742540687175734e-13
v_15 0.0999495 0.09994908024000115 1.9964576866704498e-11 4.470450115579323e-05 1.9984712773535306e-13
v_16 2.38176 2.381228682000012 8.669619244727755e-08 0.00012365136279348 1.528287052465771e-12
v_17 0.0258329 0.025832930149999697 6.948926026609237e-13 3.2268975298357066e-05 1.0412370965440233e-13
v_18 0.0966851 0.09668555808999912 5.115588508353142e-12 2.33930146680097e-05 5.472500230752075e-14
v_19 0.0966851 0.09668555808999912 5.115588508353142e-12 2.33930146680097e-05 5.472500230752075e-14
v_2 1.51429 1.5143064799999661 3.646881907570787e-09 3.987925802036505e-05 1.5904582095771501e-13
v_20 0.0934208 0.09342203532999604 7.767068238573316e-13 9.433638623043117e-06 8.88824569500457e-15
v_21 0.0934208 0.09342203532999604 7.767068238573316e-13 9.433638623043117e-06 8.88824569500457e-15
v_22 0.0472348 0.04723508619000027 2.565048000391368e-12 3.3906505786556894e-05 1.149658812593657e-13
v_23 0.0494503 0.049450472749999946 8.910012484764085e-13 1.9088364017160084e-05 3.644062829266659e-14
v_24 0.0236174 0.023617542329999727 6.410131756992565e-13 3.389992799448781e-05 1.1491214646497382e-13
v_25 0.0236174 0.023617542329999727 6.410131756992565e-13 3.389992799448781e-05 1.1491214646497382e-13
v_26 0.0258329 0.025832930149999697 6.948926026609237e-13 3.2268975298357066e-05 1.0412370965440233e-13
v_27 0.0236174 0.023617542329999727 6.410131756992565e-13 3.389992799448781e-05 1.1491214646497382e-13
v_28 0.0774987 0.07749879024000017 6.244835377977598e-12 3.224523704669301e-05 1.0396861149786219e-13
v_29 -3.05326 -3.053278840000068 1.4702122186349698e-08 0.0 0.0
v_3 1.41761 1.417620915999984 3.6942640058157394e-09 4.287497224922459e-05 1.838283969490817e-13
v_30 0.0999495 0.09994908024000115 1.9964576866704498e-11 4.470450115579323e-05 1.9984712773535306e-13
v_31 -4.44089e-13 -7.22020909999997e-15 3.8770453304601918e-25 0.0 0.0
v_32 -0.0258329 -0.025832930149999697 6.948926026609237e-13 0.0 0.0
v_33 0.0258329 0.025832930149999697 6.948926026609237e-13 3.2268975298357066e-05 1.0412370965440233e-13
v_34 -3.33067e-13 -2.889695580000004e-15 1.728202645948361e-26 0.0 0.0
v_35 8.47033e-19 1.3043383400000068e-20 4.229087287790811e-37 49.8577946233028 5.89448664259782e-05
v_36 0.0 7.122708700000054e-17 6.008539253953163e-30 34.41432598458956 0.0
v_37 -4.33681e-16 5.213648199999952e-18 3.7829951289303143e-31 117.97124643056708 0.0
v_38 0.0 -1.1277048599999927e-16 5.579651556076595e-29 0.0 0.0
v_4 1.46484 1.4648559750000403 3.6465936936735943e-09 4.122387014600776e-05 1.6994925466917722e-13
v_5 1.46484 1.4648559750000403 3.6465936936735943e-09 4.122387014600776e-05 1.6994925466917722e-13
v_6 1.46484 1.4648559750000403 3.6465936936735943e-09 4.122387014600776e-05 1.6994925466917722e-13
v_7 2.95331 2.953329799000081 1.4602116849005142e-08 4.0916263074607894e-05 1.6742540687175734e-13
v_8 2.45926 2.4587275000000393 8.665728046253207e-08 0.00011972700788146204 1.4328399577934192e-12
v_9 0.494049 0.49460234389999885 9.171368206550845e-08 0.0006122952561130472 3.75745756509005e-11
