species_id wild_type mean var CV ER
ADPf 0.187128 0.18707434959999672 9.270738517141996e-09 0.00051468667173577 2.6475047565366338e-11
AMPf 0.0722413 0.07244028297000005 1.6176215693330942e-08 0.0017557324115685083 3.0996012194695057e-10
ATPf 0.183657 0.18321538120000025 7.902787421687485e-08 0.0015343633609974734 2.342962419521477e-10
DHAP 0.149233 0.1486959816999999 1.7265902691257495e-07 0.0027944440071463444 7.752817339445884e-10
E4P 0.00627176 0.0064708591660000234 9.095013172588109e-09 0.014738039576424958 2.3121950682281066e-08
Fru16P2 0.0096835 0.009544222706000093 6.650646765143692e-09 0.008544592905962477 7.092497118810215e-09
Fru6P 0.0153444 0.015236217650000142 3.2180502174421113e-09 0.0037232246438506714 1.3667623120938722e-09
GSH 3.11403 3.11411480299988 2.4815722809989893e-09 1.5996642745424356e-05 2.5561908145732558e-14
GSSG 0.000186743 0.00014267731362000116 6.18849576988754e-10 0.1743562924529276 1.7745834855149912e-06
Glc6P 0.0394896 0.03931665946000046 1.5360857193646646e-08 0.003152325934054238 9.850311921799638e-10
GlcA6P 0.0250543 0.027709796839999967 7.224871717201472e-06 0.09700223223799857 1.1509742129507393e-06
Glcin 4.5668 4.504208380999969 0.01698582695614448 0.02893509238576333 8.14446779981548e-08
Glcout 5.0 5.0 0.0 0.0 0.0
GraP 0.00606287 0.006037700733000017 4.224177479024904e-10 0.003404077943379825 1.1491736124580322e-09
Gri13P2 0.000480655 0.0004779842604000046 3.363602327243068e-12 0.0038369728503854744 1.4559206892528208e-09
Gri23P2f 2.06123 2.050417783999995 5.010129144267239e-05 0.0034520899252460636 1.1792231888851923e-09
Gri2P 0.00844208 0.008520880782000152 1.213422871676386e-09 0.004088100834708173 1.702602441167045e-09
Gri3P 0.0657639 0.06563759885999967 1.4769479961089516e-08 0.001851526432943584 3.4149950748352255e-10
Lac 1.68031 1.6814305220001793 6.701537471620611e-07 0.0004868647125859481 2.3735357257415048e-11
Lacex 1.68 1.6800000000002027 -5.471179065352771e-13 nan 0.0
MgADP 0.136822 0.13720322729999984 4.036135034177213e-08 0.001464261072802891 2.156025139754547e-10
MgAMP 0.00243877 0.0024329555780000112 6.449053061506888e-09 0.033007588444797835 1.0843119953679591e-07
MgATP 1.41771 1.4176339009999603 4.791683494431709e-09 4.8829240768631645e-05 2.383973352060309e-13
MgGri23P2 0.687233 0.685626889300007 9.511227928027388e-07 0.001422428525149911 2.013856772231648e-10
Mgf 0.555793 0.5571031406999903 7.270007215676166e-07 0.0015304946440548018 2.3534701050209603e-10
NAD 0.0653436 0.06534341555999475 1.3725132141928498e-14 1.7929015203939786e-06 3.234301715338006e-16
NADH 0.000156372 0.00015658156599999648 1.3267323440170084e-14 0.000735615761873518 5.425819893378758e-11
NADPHf 0.00488917 0.004889090703000039 4.9929797031915066e-14 4.570374688763032e-05 2.088776596131936e-13
NADPf 2.34376e-05 2.3627350310000415e-05 8.451571495724187e-15 0.0038909326589967345 1.5385485137686671e-09
P1NADP 5.73941e-06 6.593017088000021e-06 1.7990168525134811e-13 0.06433294229071433 5.46135907404821e-07
P1NADPH 0.0239453 0.02394410218999975 2.329440893650281e-13 2.0157064723235574e-05 4.0612402329998073e-14
P1f 4.89762e-05 4.930887087999941e-05 1.6320677569976554e-13 0.008193020371703538 6.804058093834442e-09
P2NADP 0.00202414 0.0020397809419999908 8.26098579835208e-11 0.004455868934854001 2.016279715721936e-09
P2NADPH 0.0211122 0.021096809800000182 7.660246823795389e-11 0.0004148628955891238 1.718604402123347e-11
P2f 0.000863632 0.0008634090924000031 1.1636217656832128e-13 0.00039508387097463954 1.5601071501336605e-11
PEP 0.0109396 0.011032128359999938 7.887648387412162e-09 0.008050344488860137 6.5908990123819675e-09
PRPP 1.0 1.0 0.0 0.0 0.0
Phi 0.999225 0.9997650106999652 4.0772341358685793e-07 0.000638682317299129 4.083560110057505e-11
Phiex 1.0 1.0 0.0 0.0 0.0
Pyr 0.08399 0.08399148833000726 6.513114700346101e-13 9.608577252530061e-06 9.245604282170916e-15
Pyrex 0.084 0.08399999999998085 2.8744367996935694e-15 6.382592184126526e-07 0.0
Rib5P 0.0140053 0.014085229009999974 2.8187401636696387e-09 0.0037693252116293508 1.4370444831879325e-09
Rul5P 0.00472192 0.004767484869999926 1.7102556586138086e-09 0.008674434949655056 7.670501973766618e-09
Sed7P 0.0154123 0.015561149899999998 1.0762734446921021e-07 0.02108237947326836 4.5309338011945144e-08
Xul5P 0.0127437 0.012806788340000028 1.0352980442938139e-08 0.007944973717774082 6.374913777063007e-09
v_1 1.51429 1.5143322439999858 6.904990357270435e-09 5.487321025488026e-05 3.0112172755281106e-13
v_10 0.494049 0.4940382555999983 8.286861502559972e-09 0.00018426143993730703 3.3950818822958695e-12
v_11 2.95331 2.9533246980000523 8.078377078390986e-09 3.0433427263019098e-05 9.263496636435776e-14
v_12 2.95331 2.9533246980000523 8.078377078390986e-09 3.0433427263019098e-05 9.263496636435776e-14
v_13 2.95331 2.9533246980000523 8.078377078390986e-09 3.0433427263019098e-05 9.263496636435776e-14
v_14 2.95331 2.9533246980000523 8.078377078390986e-09 3.0433427263019098e-05 9.263496636435776e-14
v_15 0.0999495 0.09994962880999968 2.010356291159976e-11 4.485959321259615e-05 2.0123647193059924e-13
v_16 2.38176 2.3817727259999235 1.039374719624675e-08 4.280413813499057e-05 1.8321311134883445e-13
v_17 0.0258329 0.0258379309999999 2.036952146018678e-09 0.001746757750844763 3.0523511811431094e-10
v_18 0.0966851 0.09682986642999876 4.111528800407327e-08 0.002094075499417461 4.3982937640851816e-10
v_19 0.0966851 0.09682986642999876 4.111528800407327e-08 0.002094075499417461 4.3982937640851816e-10
v_2 1.51429 1.5143322439999858 6.904990357270435e-09 5.487321025488026e-05 3.0112172755281106e-13
v_20 0.0934208 0.09371010660000184 1.6440222911848212e-07 0.004326805957369279 1.8837381783098906e-09
v_21 0.0934208 0.09371010660000184 1.6440222911848212e-07 0.004326805957369279 1.8837381783098906e-09
v_22 0.0472348 0.04732795731000014 1.939100357150822e-08 0.0029422690444592067 8.69112761714419e-10
v_23 0.0494503 0.04950190997000028 5.367719015363787e-09 0.0014800382208889913 2.1950879180998583e-10
v_24 0.0236174 0.023663978399999733 4.84761181706022e-09 0.0029422268708803904 8.690878233963417e-10
v_25 0.0236174 0.023663978399999733 4.84761181706022e-09 0.0029422268708803904 8.690878233963417e-10
v_26 0.0258329 0.0258379309999999 2.036952146018678e-09 0.001746757750844763 3.0523511811431094e-10
v_27 0.0236174 0.023663978399999733 4.84761181706022e-09 0.0029422268708803904 8.690878233963417e-10
v_28 0.0774987 0.07751379476000066 1.833257849085529e-08 0.001746758148368454 3.052352741006459e-10
v_29 -3.05326 -3.0532744280000013 8.071074475424211e-09 0.0 0.0
v_3 1.41761 1.4175025019999845 2.982347968583099e-08 0.00012183030256816241 1.484032419174497e-12
v_30 0.0999495 0.09994962880999968 2.010356291159976e-11 4.485959321259615e-05 2.0123647193059924e-13
v_31 -4.44089e-13 -1.6877891900000067e-14 3.627521453601458e-25 0.0 0.0
v_32 -0.0258329 -0.0258379309999999 2.036952146018678e-09 0.0 0.0
v_33 0.0258329 0.0258379309999999 2.036952146018678e-09 0.001746757750844763 3.0523511811431094e-10
v_34 -3.33067e-13 -7.785037499999799e-16 1.7427909053389398e-26 0.0 0.0
v_35 8.47033e-19 -1.518827359999994e-20 5.0019848773999914e-37 0.0 6.97174852158465e-05
v_36 0.0 -3.805412299999988e-17 7.295537880285488e-30 0.0 0.0
v_37 -4.33681e-16 1.4478464999999977e-17 3.7255404581829706e-31 42.157235262185935 0.0
v_38 0.0 1.3714725399999958e-16 5.441018982832359e-29 53.78398833838885 0.0
v_4 1.46484 1.4648304230000033 2.724843017887224e-09 3.563554394238412e-05 1.2698849749526175e-13
v_5 1.46484 1.4648304230000033 2.724843017887224e-09 3.563554394238412e-05 1.2698849749526175e-13
v_6 1.46484 1.4648304230000033 2.724843017887224e-09 3.563554394238412e-05 1.2698849749526175e-13
v_7 2.95331 2.9533246980000523 8.078377078390986e-09 3.0433427263019098e-05 9.263496636435776e-14
v_8 2.45926 2.4592865430000117 1.2919336711547658e-08 4.621798158878814e-05 2.1361952207143985e-13
v_9 0.494049 0.4940382555999983 8.286861502559972e-09 0.00018426143993730703 3.3950818822958695e-12
