species_id wild_type mean var CV ER
ADPf 0.187128 0.18720689260000428 9.572612799657598e-09 0.0005226288883424627 2.733713424518669e-11
AMPf 0.0722413 0.07223014795000035 2.541438465057666e-09 0.0006979451519956661 4.869770520166128e-11
ATPf 0.183657 0.1837793599000004 6.014070762228041e-09 0.0004219757874794697 1.7830095755400065e-11
DHAP 0.149233 0.14855040730000077 1.2249414453949226e-07 0.0023560462829942904 5.500290005233666e-10
E4P 0.00627176 0.006299783118999954 3.836441757063881e-09 0.009831928380079083 9.753258780764717e-09
Fru16P2 0.0096835 0.009606730738999947 1.3172925374474193e-09 0.0037780308288382705 1.4048097659591363e-09
Fru6P 0.0153444 0.015392053920000148 1.0662600211672289e-09 0.002121460680361768 4.528593168462436e-10
GSH 3.11403 3.1140846920000973 7.914149335874754e-10 9.033825571908472e-06 8.158207442932053e-15
GSSG 0.000186743 0.00015765562779999998 2.0061447186090455e-10 0.08984039467099518 5.752724764731765e-07
Glc6P 0.0394896 0.03964111125999975 7.116384325572822e-09 0.002128060039467653 4.563456594608439e-10
GlcA6P 0.0250543 0.02522546320999984 1.3636514985479204e-06 0.04629270380031516 2.1723952642147547e-07
Glcin 4.5668 5.0719445839999695 0.03837225776021924 0.03862194817523112 1.8398963945285286e-07
Glcout 5.0 5.0 0.0 0.0 0.0
GraP 0.00606287 0.0060372555690000095 2.1334455132837908e-10 0.002419364016750421 5.803968463280462e-10
Gri13P2 0.000480655 0.0004806871313000001 3.1461737264346323e-13 0.001166887142123501 1.361807700828166e-10
Gri23P2f 2.06123 2.063513839999978 2.3562995670189935e-06 0.000743888535653883 5.545970753750851e-11
Gri2P 0.00844208 0.008496576721000026 7.941633270192603e-10 0.003316736200127372 1.1143225013610092e-09
Gri3P 0.0657639 0.06570342955000076 1.433783937496852e-08 0.001822442421972465 3.315191305808263e-10
Lac 1.68031 1.678753814999987 1.2314592727769025e-06 0.0006610328070062278 4.3615555922471573e-11
Lacex 1.68 1.6800000000002027 -5.471179065352771e-13 nan 0.0
MgADP 0.136822 0.13683511810000196 6.348430739433475e-09 0.000582285025466843 3.3912088670540185e-11
MgAMP 0.00243877 0.002231152146999965 1.7625756551783828e-08 0.059503799398133626 2.963507831798662e-07
MgATP 1.41771 1.417717323000014 3.3264067056393287e-09 4.068160022641553e-05 1.6550403270088053e-13
MgGri23P2 0.687233 0.6877913292000063 8.659625272411375e-08 0.0004278512972586225 1.8335428930704724e-11
Mgf 0.555793 0.5554250579999938 5.493789839716712e-08 0.00042199815467054014 1.7784668981946085e-11
NAD 0.0653436 0.06534397037999395 2.674076238218248e-14 2.502541990130724e-06 6.41775521614818e-16
NADH 0.000156372 0.00015603117499999938 2.243076884290896e-14 0.0009598662042117625 9.173311773524873e-11
NADPHf 0.00488917 0.004889197411999956 3.4405394115297194e-14 3.7938110341983775e-05 1.439349084364494e-13
NADPf 2.34376e-05 2.349576654999995e-05 7.727305194460052e-15 0.003741316197711851 1.4067009730167613e-09
P1NADP 5.73941e-06 5.563550996999996e-06 1.2070828618366728e-13 0.0624477030313432 3.6643975465715516e-07
P1NADPH 0.0239453 0.023946038789999024 3.168217641361104e-13 2.35057342742794e-05 5.524147805857638e-14
P1f 4.89762e-05 4.839985230000034e-05 1.5643267480198627e-13 0.008171837074022506 6.521647179380529e-09
P2NADP 0.00202414 0.002009755414999987 9.623968623879997e-11 0.004881281926114087 2.348946383867734e-09
P2NADPH 0.0211122 0.021125950779999875 8.880629912000337e-11 0.0004460726767832655 1.9924013661132277e-11
P2f 0.000863632 0.0008642932267 1.6498087607689512e-13 0.0004699543709007648 2.2119541021048406e-11
PEP 0.0109396 0.01103354131000001 2.720293571482771e-09 0.004727080108588949 2.2730704163143046e-09
PRPP 1.0 1.0 0.0 0.0 0.0
Phi 0.999225 0.9995797084000102 1.331778558544272e-07 0.0003650888570442228 1.3338437887533416e-11
Phiex 1.0 1.0 0.0 0.0 0.0
Pyr 0.08399 0.08398969325999786 5.996782931338984e-13 9.220047727902652e-06 8.474521084878006e-15
Pyrex 0.084 0.08399999999998085 2.8744367996935694e-15 6.382592184126526e-07 0.0
Rib5P 0.0140053 0.014027711400000057 6.531698663382081e-10 0.0018219071825205377 3.3299775896722394e-10
Rul5P 0.00472192 0.0047210843709999725 9.438140683760716e-11 0.002057791938282651 4.2330090224140805e-10
Sed7P 0.0154123 0.01566295739999998 9.804123873982445e-08 0.019990820895890403 4.127374550688678e-08
Xul5P 0.0127437 0.01273658041999996 1.9571285485254705e-09 0.0034734162670401964 1.2051143923219598e-09
v_1 1.51429 1.5142924669999906 4.1768322134316804e-09 4.2678952621785377e-05 1.8215240427110757e-13
v_10 0.494049 0.4940540649000085 3.4450914343509e-10 3.75686768348782e-05 1.4114893698291554e-13
v_11 2.95331 2.9533043540000428 1.2388790437967145e-08 3.768827391807776e-05 1.4204025733377535e-13
v_12 2.95331 2.9533043540000428 1.2388790437967145e-08 3.768827391807776e-05 1.4204025733377535e-13
v_13 2.95331 2.9533043540000428 1.2388790437967145e-08 3.768827391807776e-05 1.4204025733377535e-13
v_14 2.95331 2.9533043540000428 1.2388790437967145e-08 3.768827391807776e-05 1.4204025733377535e-13
v_15 0.0999495 0.09994939701000083 1.3146423186172207e-11 3.62763535357083e-05 1.3160397216438468e-13
v_16 2.38176 2.3817649830000254 9.354122809668297e-09 4.060716103860909e-05 1.6489325460611326e-13
v_17 0.0258329 0.025828415380000073 1.3043368670296457e-09 0.0013982895842731208 1.9545349843053117e-10
v_18 0.0966851 0.09669985391999894 6.510444983988395e-08 0.002638636214014528 6.964526083619305e-10
v_19 0.0966851 0.09669985391999894 6.510444983988395e-08 0.002638636214014528 6.964526083619305e-10
v_2 1.51429 1.5142924669999906 4.1768322134316804e-09 4.2678952621785377e-05 1.8215240427110757e-13
v_20 0.0934208 0.0934503144499995 2.6048777844803195e-07 0.005461512209556529 2.9846965763802302e-09
v_21 0.0934208 0.0934503144499995 2.6048777844803195e-07 0.005461512209556529 2.9846965763802302e-09
v_22 0.0472348 0.04724762730999969 3.2640217903934926e-08 0.0038238119032532286 1.4629479914818332e-09
v_23 0.0494503 0.04945222912000021 6.250751772522017e-09 0.0015987488813961404 2.556197371994529e-10
v_24 0.0236174 0.02362381405999982 8.160113242668826e-09 0.0038238256067455343 1.4629585304293257e-09
v_25 0.0236174 0.02362381405999982 8.160113242668826e-09 0.0038238256067455343 1.4629585304293257e-09
v_26 0.0258329 0.025828415380000073 1.3043368670296457e-09 0.0013982895842731208 1.9545349843053117e-10
v_27 0.0236174 0.02362381405999982 8.160113242668826e-09 0.0038238256067455343 1.4629585304293257e-09
v_28 0.0774987 0.07748524747999926 1.173949486146103e-08 0.0013983171383052803 1.9546120592073278e-10
v_29 -3.05326 -3.0532538080000267 1.2485623201996532e-08 0.0 0.0
v_3 1.41761 1.4175926049999992 6.997984236534194e-08 0.00018661005501985513 3.4822400296619095e-12
v_30 0.0999495 0.09994939701000083 1.3146423186172207e-11 3.62763535357083e-05 1.3160397216438468e-13
v_31 -4.44089e-13 -6.1302442000000205e-15 3.156719257567349e-25 0.0 0.0
v_32 -0.0258329 -0.025828415380000073 1.3043368670296457e-09 0.0 0.0
v_33 0.0258329 0.025828415380000073 1.3043368670296457e-09 0.0013982895842731208 1.9545349843053117e-10
v_34 -3.33067e-13 1.804387719999993e-15 1.4356420020800807e-26 66.40384316056975 0.0
v_35 8.47033e-19 6.517996499999989e-21 3.4497090324806985e-37 90.1108549078188 4.808192035078205e-05
v_36 0.0 1.694523999999986e-17 4.660275660247447e-30 127.39667081256883 0.0
v_37 -4.33681e-16 2.097222120000006e-17 3.043462076694342e-31 26.30507337725268 0.0
v_38 0.0 1.8448461299999974e-16 4.680566836558879e-29 37.084213784859095 0.0
v_4 1.46484 1.4648402819999926 8.326805911451629e-09 6.229439132233796e-05 3.880546106671545e-13
v_5 1.46484 1.4648402819999926 8.326805911451629e-09 6.229439132233796e-05 3.880546106671545e-13
v_6 1.46484 1.4648402819999926 8.326805911451629e-09 6.229439132233796e-05 3.880546106671545e-13
v_7 2.95331 2.9533043540000428 1.2388790437967145e-08 3.768827391807776e-05 1.4204025733377535e-13
v_8 2.45926 2.459250427000027 1.1855639137081653e-08 4.427511831396766e-05 1.960410833667936e-13
v_9 0.494049 0.4940540649000085 3.4450914343509e-10 3.75686768348782e-05 1.4114893698291554e-13
