species_id wild_type mean var CV ER
ADPf 0.187128 0.18703223209999567 3.9963921616426035e-09 0.0003380006942789468 1.141275189908697e-11
AMPf 0.0722413 0.07225177590999947 2.4436337172500933e-09 0.0006841786663695514 4.6823621557834374e-11
ATPf 0.183657 0.18344930999999853 2.2786685940912044e-08 0.0008228572514782633 6.755634658350828e-11
DHAP 0.149233 0.1491842293000009 1.0947631672725278e-08 0.0007013538311377004 4.9157570691793494e-11
E4P 0.00627176 0.0062742164809999855 6.142247118096165e-12 0.00039500641015950623 1.5615233017740592e-11
Fru16P2 0.0096835 0.009649125684000196 1.5931661811194667e-10 0.001308104910973093 1.6990116941117962e-10
Fru6P 0.0153444 0.015353148940000363 1.1793965278136462e-10 0.0007073469079549433 5.0091045800115806e-11
GSH 3.11403 3.113940981000109 2.382316566240661e-09 1.5674343439065963e-05 2.460472936505198e-14
GSSG 0.000186743 0.00022991564389999994 5.890804665159211e-10 0.1055647171859151 1.689219006347198e-06
Glc6P 0.0394896 0.03951488846000006 5.672998876216084e-10 0.000602761615775281 3.637870580330827e-11
GlcA6P 0.0250543 0.02589808575000007 3.6963968752482413e-06 0.0742372084530722 5.888627024513538e-07
Glcin 4.5668 4.611284115999943 0.0021232905223875775 0.009992699540671194 1.0180882755617127e-08
Glcout 5.0 5.0 0.0 0.0 0.0
GraP 0.00606287 0.006060768585999972 2.4154078232972373e-11 0.0008109004330252946 6.57103754408972e-11
Gri13P2 0.000480655 0.0004802000375000022 2.2909803414761023e-13 0.0009967551578585361 9.916409281496285e-11
Gri23P2f 2.06123 2.0556047380000377 1.618007406634092e-05 0.001956818937271388 3.808268836391626e-10
Gri2P 0.00844208 0.008461633766000003 1.0599142872787844e-10 0.0012166933903672086 1.4872083555772519e-10
Gri3P 0.0657639 0.06586511238000053 3.922793213526066e-09 0.0009509162532009354 9.070271613786929e-11
Lac 1.68031 1.6803744900001216 1.0214165024891031e-07 0.00019019336194623369 3.617616028961379e-12
Lacex 1.68 1.6800000000002027 -5.471179065352771e-13 nan 0.0
MgADP 0.136822 0.13691267379999894 8.589077827442226e-09 0.0006769079535564141 4.588118147630382e-11
MgAMP 0.00243877 0.0026275832210000106 8.550685184996182e-09 0.03519200240258918 1.437670061933849e-07
MgATP 1.41771 1.4177262840000147 6.427153920185447e-09 5.6547962235923664e-05 3.1978106829200214e-13
MgGri23P2 0.687233 0.6862950869999962 4.058451890109893e-07 0.0009282593045641384 8.593150551128304e-11
Mgf 0.555793 0.5564382248999984 2.1971480479443528e-07 0.000842389033147133 7.112678643839132e-11
NAD 0.0653436 0.06534363904000767 1.0564465968698755e-15 4.974168091036817e-07 3.530509218307998e-17
NADH 0.000156372 0.00015636993459998934 1.1924546011098822e-15 0.00022083488138445532 4.876690617994228e-12
NADPHf 0.00488917 0.0048888665289999345 1.524057606733329e-13 7.985323422909609e-05 6.375739158848148e-13
NADPf 2.34376e-05 2.3956375520000226e-05 1.523948814493668e-13 0.016295364453424388 2.7742404793174024e-08
P1NADP 5.73941e-06 5.133316886999993e-06 8.872315672231695e-14 0.05802570396268178 2.693410105431227e-07
P1NADPH 0.0239453 0.02394583787000156 8.645634121812185e-13 3.883008923077331e-05 1.507783009557784e-13
P1f 4.89762e-05 4.902756185999955e-05 5.559453598523896e-13 0.01520812798010675 2.3177251756623106e-08
P2NADP 0.00202414 0.0020176982019999563 3.129191475114047e-10 0.008767178769059315 7.637496846635284e-09
P2NADPH 0.0211122 0.02111850591000029 2.926128264387276e-10 0.0008099971485889645 6.564874042158663e-11
P2f 0.000863632 0.0008637954514000023 3.517742601142918e-13 0.0006866273783287701 4.71635613896737e-11
PEP 0.0109396 0.010959850300000015 1.542763087013276e-10 0.0011333002834583116 1.2891288931893285e-10
PRPP 1.0 1.0 0.0 0.0 0.0
Phi 0.999225 0.9991408399999729 5.657191270991291e-09 7.527897899101887e-05 5.665868108017947e-13
Phiex 1.0 1.0 0.0 0.0 0.0
Pyr 0.08399 0.08399706173999189 1.6962645697782275e-11 4.903234916387851e-05 2.4043360635772617e-13
Pyrex 0.084 0.08399999999998085 2.8744367996935694e-15 6.382592184126526e-07 0.0
Rib5P 0.0140053 0.014005915860000195 3.5807963311065144e-12 0.0001351071388040728 1.8255568390301847e-12
Rul5P 0.00472192 0.0047234208860000085 1.2738329847590633e-12 0.0002389459091124222 5.713143003127641e-12
Sed7P 0.0154123 0.015420047830000073 5.247936671543604e-10 0.0014856228549372413 2.2092948486207576e-10
Xul5P 0.0127437 0.0127479896999998 1.212270645738027e-11 0.0002731228846375194 7.46463360012939e-12
v_1 1.51429 1.5143047339999696 4.177991286269389e-09 4.268452814602137e-05 1.8221053554867694e-13
v_10 0.494049 0.4940474479999968 3.3573605007219953e-10 3.708773644093034e-05 1.3754277716770957e-13
v_11 2.95331 2.953326432999963 1.664418469715656e-08 4.3683739716458485e-05 1.9082562197070274e-13
v_12 2.95331 2.953326432999963 1.664418469715656e-08 4.3683739716458485e-05 1.9082562197070274e-13
v_13 2.95331 2.953326432999963 1.664418469715656e-08 4.3683739716458485e-05 1.9082562197070274e-13
v_14 2.95331 2.953326432999963 1.664418469715656e-08 4.3683739716458485e-05 1.9082562197070274e-13
v_15 0.0999495 0.0999514589300001 6.508245158076686e-11 8.071287447005794e-05 6.514838224447317e-13
v_16 2.38176 2.3817803769999895 1.802309856913098e-08 5.636545486394219e-05 3.1770588382329377e-13
v_17 0.0258329 0.025832894750000158 1.142026902732629e-12 4.1368054110135326e-05 1.7113805927948533e-13
v_18 0.0966851 0.09668483288000046 1.5285491622440972e-11 4.043722595566227e-05 1.635203084049408e-13
v_19 0.0966851 0.09668483288000046 1.5285491622440972e-11 4.043722595566227e-05 1.635203084049408e-13
v_2 1.51429 1.5143047339999696 4.177991286269389e-09 4.268452814602137e-05 1.8221053554867694e-13
v_20 0.0934208 0.09341820624000209 2.121953654454778e-12 1.559324214936646e-05 2.4326540781771655e-14
v_21 0.0934208 0.09341820624000209 2.121953654454778e-12 1.559324214936646e-05 2.4326540781771655e-14
v_22 0.0472348 0.04723462517999965 7.30193423087444e-12 5.720822656470148e-05 3.2727351939598746e-13
v_23 0.0494503 0.04945020627000013 2.2046860864710638e-12 3.002653878608686e-05 9.016519753046737e-14
v_24 0.0236174 0.02361731144999934 1.8262287298717594e-12 5.721990448739581e-05 3.2740570254929937e-13
v_25 0.0236174 0.02361731144999934 1.8262287298717594e-12 5.721990448739581e-05 3.2740570254929937e-13
v_26 0.0258329 0.025832894750000158 1.142026902732629e-12 4.1368054110135326e-05 1.7113805927948533e-13
v_27 0.0236174 0.02361731144999934 1.8262287298717594e-12 5.721990448739581e-05 3.2740570254929937e-13
v_28 0.0774987 0.07749868372000042 1.0286937968118082e-11 4.1385550287228116e-05 1.712741282133834e-13
v_29 -3.05326 -3.0532779669999544 1.6830503213327574e-08 0.0 0.0
v_3 1.41761 1.4176198099999389 4.176273105116479e-09 4.558633442690081e-05 2.077999772254202e-13
v_30 0.0999495 0.0999514589300001 6.508245158076686e-11 8.071287447005794e-05 6.514838224447317e-13
v_31 -4.44089e-13 -5.785186399999989e-15 4.992763318825515e-25 0.0 0.0
v_32 -0.0258329 -0.025832894750000158 1.142026902732629e-12 0.0 0.0
v_33 0.0258329 0.025832894750000158 1.142026902732629e-12 4.1368054110135326e-05 1.7113805927948533e-13
v_34 -3.33067e-13 2.384236599999975e-15 2.2822123083463718e-26 63.36196994596563 0.0
v_35 8.47033e-19 -1.0301416999999905e-20 4.615632491234611e-37 0.0 6.433251956106186e-05
v_36 0.0 -4.356692199999982e-17 8.535616253745689e-30 0.0 0.0
v_37 -4.33681e-16 2.9364934000000356e-18 4.829766230775431e-31 236.6649949178101 0.0
v_38 0.0 -1.2930107999999737e-17 7.442375864646522e-29 0.0 0.0
v_4 1.46484 1.464854717 4.1725285448990235e-09 4.40965999167552e-05 1.9445141052898408e-13
v_5 1.46484 1.464854717 4.1725285448990235e-09 4.40965999167552e-05 1.9445141052898408e-13
v_6 1.46484 1.464854717 4.1725285448990235e-09 4.40965999167552e-05 1.9445141052898408e-13
v_7 2.95331 2.953326432999963 1.664418469715656e-08 4.3683739716458485e-05 1.9082562197070274e-13
v_8 2.45926 2.459278920000068 1.8012057623195687e-08 5.4572503405066945e-05 2.9783158161933444e-13
v_9 0.494049 0.4940474479999968 3.3573605007219953e-10 3.708773644093034e-05 1.3754277716770957e-13
