0 12
0 20
1 7
1 10
1 11
1 14
1 29
2 0
2 4
2 7
2 13
2 17
2 24
3 0
3 11
3 17
3 21
3 22
3 28
4 0
4 6
4 22
4 23
5 1
5 13
5 22
5 28
5 29
6 8
6 10
6 13
6 22
6 23
6 25
6 27
7 1
7 9
7 10
7 18
7 20
7 23
7 25
8 1
8 3
8 14
8 18
8 24
9 8
9 10
9 12
9 15
9 16
9 20
9 22
9 24
9 26
10 2
10 8
10 14
10 17
10 18
10 21
11 1
11 4
11 6
11 21
11 22
12 5
12 8
12 16
12 19
12 27
13 3
13 6
13 7
13 9
13 11
13 22
13 23
13 27
14 1
14 8
14 9
14 11
14 17
14 18
14 21
14 24
14 26
15 1
15 5
15 8
15 11
15 18
15 25
16 4
16 8
16 10
16 11
16 14
16 15
16 18
16 23
17 2
17 3
17 7
17 12
17 29
18 4
18 8
18 10
18 13
18 16
18 22
18 29
19 2
19 14
19 16
19 17
19 26
20 1
20 5
20 11
21 2
21 15
21 17
21 24
22 0
22 5
22 10
22 19
22 21
22 24
22 29
23 5
23 12
23 19
23 29
24 1
24 3
24 4
24 9
24 10
24 18
24 20
24 21
25 0
25 7
25 10
25 21
25 24
26 18
26 19
26 23
26 25
27 4
27 10
27 15
27 16
27 17
27 24
28 3
28 5
28 6
28 9
28 16
28 17
28 22
29 3
29 5
29 6
29 14
29 28
29 OUT
IN 0
